     0/299     1.02G    0.1208   0.08112   0.06388    0.2658       228       640  0.002139  0.001344 0.0001501 1.802e-05    0.1175    0.0845    0.0623
     1/299     1.52G    0.1186   0.07785   0.06315    0.2596       217       640  0.002975  0.001344 7.286e-05 1.525e-05    0.1153   0.08756   0.06165
     2/299     1.52G    0.1162   0.08345   0.06248    0.2621       239       640   0.01261  0.003617 0.0002121 2.121e-05    0.1129   0.09136   0.06079
     3/299     1.52G     0.115   0.08844   0.06119    0.2647       216       640  0.007791  0.003617 0.0002569 6.805e-05    0.1106   0.09487   0.05982
     4/299     1.52G    0.1118   0.09461    0.0602    0.2666       218       640  0.004535  0.003617 0.0002196 7.047e-05     0.108   0.09836   0.05879
     5/299     1.52G    0.1106   0.09025   0.05838    0.2592       266       640   0.00494  0.003617   0.00039 0.0001042    0.1053    0.1018   0.05764
     6/299     1.52G    0.1078   0.08756   0.05742    0.2528       274       640  0.002755   0.04859 0.0008303 0.0001864    0.1024    0.1051   0.05633
     7/299     1.52G    0.1061   0.09639   0.05589    0.2584       211       640  0.004481   0.06723  0.001822 0.0004364   0.09989    0.1066   0.05504
     8/299     1.52G    0.1033   0.09523   0.05413    0.2527       217       640  0.008352   0.07584  0.004624  0.001065   0.09673    0.1078    0.0536
     9/299     1.52G    0.1007    0.0962    0.0522    0.2491       225       640   0.01291    0.1168   0.00935  0.001899   0.09327    0.1084   0.05195
    10/299     1.52G     0.097   0.09698   0.05057    0.2446       165       640    0.1468   0.07203   0.01743  0.003714   0.08915    0.1087   0.05016
    11/299     1.52G   0.09229   0.09151   0.04854    0.2323       236       640    0.2975   0.07907   0.02626  0.005278   0.08526    0.1099   0.04821
    12/299     1.52G   0.08849   0.08563   0.04721    0.2213       207       640    0.4374    0.1068    0.0433  0.009301   0.08157    0.1127     0.046
    13/299     1.52G   0.08572   0.08975   0.04434    0.2198       185       640    0.7344   0.09863   0.06778    0.0168   0.07788    0.1137   0.04361
    14/299     1.52G   0.08277   0.08473   0.04281    0.2103       207       640     0.836    0.1066   0.08082   0.01847   0.07472    0.1071   0.04121
    15/299     1.52G    0.0787   0.08709   0.03987    0.2057       200       640    0.8496    0.1137    0.1042   0.02296   0.07273     0.103   0.03922
    16/299     1.52G   0.07584   0.08101   0.03742    0.1943       254       640    0.3487    0.2586    0.1112   0.02673   0.07135   0.09729   0.03747
    17/299     1.52G   0.07382   0.08094   0.03749    0.1922       195       640    0.3582    0.2948    0.1614   0.04037   0.06691   0.09412    0.0361
    18/299     1.52G   0.07101   0.08013   0.03588     0.187       208       640     0.884     0.128    0.1997   0.05181   0.06391   0.09197     0.035
    19/299     1.52G   0.06975   0.08234   0.03468    0.1868       245       640    0.3523     0.374    0.2447    0.0739   0.06695   0.08892   0.03396
    20/299     1.52G   0.07012   0.07844   0.03379    0.1823       195       640    0.3711    0.4365    0.2951   0.09452   0.06221    0.0868   0.03316
    21/299     1.52G   0.07496   0.07633   0.03331    0.1846       215       640    0.3226    0.4115    0.2524   0.08802   0.07659   0.08133   0.03278
    22/299     1.52G   0.07656    0.0703   0.03299    0.1798       242       640    0.4625    0.4277    0.2549   0.05948   0.06797   0.08208   0.03237
    23/299     1.52G   0.07114    0.0719   0.03256    0.1756       231       640    0.5556    0.4443    0.2533   0.07669   0.06838   0.08077   0.03184
    24/299     1.52G    0.0699   0.06964   0.03112    0.1706       172       640    0.6161    0.4305    0.2939    0.1046   0.06597   0.07995   0.03129
    25/299     1.52G   0.06967   0.07098   0.03027    0.1709       161       640    0.5945    0.4467    0.2803   0.09237   0.06919   0.07901    0.0309
    26/299     1.52G   0.07219    0.0702   0.03007    0.1725       224       640    0.5644     0.399    0.2233   0.05971   0.06791   0.07791   0.03053
    27/299     1.52G   0.07419   0.07157   0.03059    0.1764       254       640     0.572    0.4602    0.3215    0.1095   0.06846   0.07651   0.03017
    28/299     1.52G    0.0686   0.06553   0.02997    0.1641       173       640    0.6487    0.4471    0.3648   0.09659   0.06593   0.07745   0.02993
    29/299     1.52G   0.06872   0.06759   0.03083    0.1671       146       640    0.6111    0.4539    0.3425    0.1258   0.06206    0.0785   0.02946
    30/299     1.52G   0.06834   0.07419    0.0304    0.1729       290       640    0.6534    0.4248    0.3073   0.07853   0.06078   0.07807   0.02923
    31/299     1.52G   0.06535   0.07462    0.0302    0.1702       261       640    0.7085    0.2954    0.2642   0.07397   0.06536   0.07615   0.02879
    32/299     1.52G    0.0661   0.07311     0.029    0.1682       264       640     0.619    0.4943    0.3743    0.1131   0.06645   0.07482    0.0286
    33/299     1.52G   0.06758   0.07251   0.02889     0.169       207       640     0.729    0.2871    0.2979   0.09296   0.06545   0.07419   0.02822
    34/299     1.52G   0.06659    0.0657   0.02808    0.1604       206       640    0.4947    0.4909    0.4355    0.1573   0.06339    0.0736    0.0279
    35/299     1.52G   0.06397   0.06864   0.02916    0.1618       241       640    0.5268    0.4906    0.3929    0.1176   0.06602   0.07363   0.02748
    36/299     1.52G   0.06671   0.06737   0.02779    0.1619       212       640    0.4928    0.4931    0.4347    0.1773   0.05749    0.0743   0.02726
    37/299     1.52G   0.06843    0.0677   0.02783     0.164       241       640    0.4979    0.4336    0.4135    0.1406   0.05462   0.07534     0.027
    38/299     1.52G   0.06316   0.07324    0.0274    0.1638       249       640    0.7297    0.4911    0.4639      0.18   0.05759   0.07349   0.02667
    39/299     1.52G   0.06511   0.06897   0.02716    0.1612       223       640    0.1864    0.6539    0.4127    0.1307   0.05951   0.07256   0.02622
    40/299     1.52G   0.06223   0.06924   0.02592    0.1574       247       640      0.55    0.4925    0.4797    0.1478   0.05926   0.07154   0.02617
    41/299     1.52G   0.06608   0.06943   0.02658    0.1621       179       640    0.3413    0.6529    0.4533    0.1371   0.06294   0.07143   0.02559
    42/299     1.52G   0.06327   0.06962   0.02596    0.1589       216       640    0.3723    0.6522    0.4692     0.176   0.05506   0.07173   0.02532
    43/299     1.52G   0.06103   0.06617   0.02622    0.1534       213       640    0.3847    0.6292     0.457    0.1498   0.05919    0.0714    0.0249
    44/299     1.52G   0.06192    0.0693   0.02544    0.1567       217       640    0.6969    0.4924    0.4681    0.1772   0.05997   0.06988   0.02463
    45/299     1.52G   0.06395   0.07006   0.02556    0.1596       211       640    0.6879    0.4998    0.4679    0.1532   0.05672   0.07148     0.024
    46/299     1.52G   0.05909   0.06785   0.02307      0.15       194       640    0.4057    0.6289    0.4831    0.1707   0.05622   0.07046   0.02412
    47/299     1.52G   0.05994   0.06506   0.02381    0.1488       213       640    0.7319     0.448    0.4913    0.2049   0.05502   0.06896   0.02329
    48/299     1.52G   0.05895   0.06657   0.02435    0.1499       208       640    0.7172    0.4295    0.4614    0.1448   0.06149   0.06985   0.02305
    49/299     1.52G    0.0634   0.06923   0.02306    0.1557       167       640    0.7225     0.452    0.4653    0.1285   0.05602   0.06982   0.02263
    50/299     1.52G   0.05984   0.06689   0.02174    0.1485       222       640    0.7798    0.4289    0.5184     0.186   0.05311   0.06931   0.02198
    51/299     1.52G   0.05822   0.06562   0.02185    0.1457       230       640    0.8146     0.419    0.5226    0.1986     0.051   0.06888   0.02154
    52/299     1.52G   0.06035   0.06315   0.02275    0.1462       204       640    0.7583    0.4719     0.467    0.2046   0.05428   0.06833     0.021
    53/299     1.52G    0.0555   0.06227   0.02107    0.1388       166       640    0.7741    0.4405    0.5115    0.1681    0.0523   0.06868    0.0205
    54/299     1.52G   0.05839   0.06445   0.02067    0.1435       301       640    0.7737    0.5305    0.5644    0.2303    0.0475   0.06883      0.02
    55/299     1.52G   0.05593   0.06512   0.01987    0.1409       234       640    0.7302    0.4374    0.4631    0.1723   0.05547   0.06677   0.01968
    56/299     1.52G   0.05893   0.06508   0.01996     0.144       211       640    0.6345    0.6519    0.5662     0.224   0.05414   0.06788   0.01927
    57/299     1.52G    0.0579   0.06693   0.02042    0.1453       184       640    0.8142    0.4558    0.5932    0.2215   0.04868   0.06728   0.01913
    58/299     1.52G   0.05405   0.06304    0.0205    0.1376       146       640    0.6083    0.6527     0.567    0.2435   0.05242    0.0664   0.01877
    59/299     1.52G   0.05833   0.06255   0.01957    0.1405       247       640    0.6249    0.6656    0.6094    0.2588   0.04918   0.06731   0.01832
    60/299     1.52G   0.05734   0.06358   0.01856    0.1395       187       640    0.5665    0.6511    0.5574    0.2479   0.05061   0.06724   0.01838
    61/299     1.52G   0.05662   0.07009    0.0192    0.1459       231       640    0.8333    0.4677    0.6574    0.3046   0.04853    0.0664   0.01789
    62/299     1.52G    0.0598   0.06427   0.01928    0.1434       197       640    0.7274    0.4074     0.427    0.2019   0.05804   0.06581   0.01806
    63/299     1.52G   0.06568   0.06169   0.01782    0.1452       177       640    0.6371      0.66    0.6194    0.3195   0.04941   0.06904   0.01759
    64/299     1.52G   0.05834   0.06359   0.01877    0.1407       213       640    0.5433     0.685    0.5156    0.2066   0.06532   0.06411   0.01758
    65/299     1.52G   0.06826   0.06214   0.01724    0.1476       278       640    0.6014    0.6638    0.6262    0.2408   0.05234    0.0668   0.01766
    66/299     1.52G   0.06049   0.06061    0.0175    0.1386       176       640    0.7548    0.4598    0.6084    0.2231   0.05582   0.06409   0.01714
    67/299     1.52G   0.05929   0.06552   0.01841    0.1432       225       640    0.5911    0.6927    0.5855    0.1886   0.06344   0.06485   0.01729
    68/299     1.52G   0.06694   0.05968   0.01766    0.1443       211       640    0.7958    0.4463    0.6194    0.1935   0.05279   0.06579   0.01699
    69/299     1.52G   0.06044   0.06003   0.01746    0.1379       212       640    0.8643    0.4392    0.6434    0.3005   0.05363   0.06351   0.01653
    70/299     1.52G   0.05808   0.06023   0.01905    0.1374       188       640    0.6868    0.6596    0.6472     0.239   0.05766    0.0631   0.01674
    71/299     1.52G   0.06368   0.06371   0.01713    0.1445       256       640    0.6766    0.7145    0.6604      0.32   0.05082   0.06489   0.01631
    72/299     1.52G   0.05794   0.05807   0.01719    0.1332       221       640    0.7776    0.6553    0.7335    0.3082   0.04958   0.06582   0.01634
    73/299     1.52G   0.05851   0.06384   0.01667     0.139       243       640    0.6609    0.6849    0.6365    0.2914   0.04823   0.06406   0.01583
    74/299     1.52G   0.05564   0.06185   0.01603    0.1335       189       640    0.6195    0.7163    0.6881    0.3629   0.04723   0.06651   0.01545
    75/299     1.52G   0.05458   0.05688   0.01634    0.1278       167       640    0.7623    0.6769    0.7185    0.3061   0.04733   0.06326   0.01564
    76/299     1.52G   0.06073   0.06145   0.01649    0.1387       174       640    0.8263    0.6569    0.7239    0.2798   0.04787   0.06429   0.01563
    77/299     1.52G   0.05835    0.0638   0.01578    0.1379       236       640    0.7834    0.6971    0.7536    0.3249   0.05033   0.06337   0.01514
    78/299     1.52G   0.05816   0.06011   0.01488    0.1331       220       640    0.6092    0.6692     0.581    0.2003   0.05111   0.06121   0.01505
    79/299     1.52G   0.05474   0.05706   0.01579    0.1276       186       640    0.6546    0.6654    0.6461    0.2289   0.05574   0.05985   0.01489
    80/299     1.52G   0.05948   0.05849    0.0149    0.1329       186       640    0.8004    0.6941    0.7729    0.4337    0.0436   0.06063   0.01452
    81/299     1.52G     0.053   0.05774   0.01502    0.1258       174       640    0.7504    0.6518    0.7425     0.259   0.05088   0.06037    0.0143
    82/299     1.52G   0.05132    0.0589   0.01407    0.1243       153       640    0.7222    0.6586    0.7252    0.3764   0.04892   0.05969   0.01378
    83/299     1.52G   0.05889   0.06158   0.01488    0.1354       209       640    0.8813    0.6743    0.8297    0.4253   0.04629   0.06022   0.01389
    84/299     1.52G   0.05445   0.06158    0.0139    0.1299       231       640    0.8433    0.6389    0.7785    0.3191   0.05215   0.05999   0.01368
    85/299     1.52G   0.05551   0.05949   0.01437    0.1294       210       640    0.7725    0.6162    0.7224    0.2996   0.04429   0.05982   0.01393
    86/299     1.52G   0.05761   0.05507   0.01421    0.1269       224       640    0.5705    0.6915    0.6734     0.237   0.05423   0.05863   0.01375
    87/299     1.52G   0.05796   0.05826   0.01472    0.1309       266       640     0.863    0.6823    0.8381    0.4754   0.04362   0.06017   0.01337
    88/299     1.52G   0.04952   0.05877   0.01405    0.1223       242       640    0.7589    0.6521     0.778    0.3261   0.04279    0.0585   0.01326
    89/299     1.52G   0.05381   0.05834   0.01394    0.1261       258       640    0.7978     0.604    0.7861    0.3408   0.04223   0.05927   0.01267
    90/299     1.52G   0.04993   0.05859   0.01262    0.1211       211       640     0.801    0.6685    0.7779    0.3423   0.04742   0.05855   0.01246
    91/299     1.52G   0.05155   0.06122   0.01425     0.127       205       640    0.8515    0.6267    0.7844    0.3048   0.04517   0.05774   0.01277
    92/299     1.52G   0.05159    0.0602   0.01305    0.1248       225       640    0.8601    0.6524     0.863    0.4386   0.04294   0.05773   0.01277
    93/299     1.52G   0.05119   0.05965   0.01324    0.1241       222       640    0.9209    0.6596    0.8814    0.4983   0.03794   0.05675   0.01306
    94/299     1.52G   0.04673    0.0564   0.01425    0.1174       207       640    0.8129    0.6513    0.8161    0.4222   0.04545    0.0563   0.01228
    95/299     1.52G   0.05242   0.05415   0.01228    0.1188       246       640    0.8977    0.6301    0.8672    0.4253   0.04098   0.05639   0.01216
    96/299     1.52G   0.04934   0.05717   0.01179    0.1183       199       640    0.6381    0.8216    0.8219    0.4138   0.04347   0.05708   0.01229
    97/299     1.52G   0.04873   0.06023   0.01156    0.1205       252       640    0.8454    0.6363     0.826    0.3542   0.04358   0.05678   0.01179
    98/299     1.52G   0.04918   0.05523   0.01184    0.1163       156       640    0.8899    0.6776    0.9006    0.5037   0.03718   0.05729   0.01129
    99/299     1.52G   0.04731   0.05753   0.01123    0.1161       225       640    0.8022     0.634    0.8137    0.3365     0.045   0.05608   0.01145
   100/299     1.52G    0.0492   0.05723    0.0115    0.1179       252       640    0.6083     0.876    0.8889    0.4576   0.04551   0.05566   0.01075
   101/299     1.52G   0.05418   0.05649   0.01174    0.1224       231       640    0.6447    0.8783    0.9164    0.4732   0.04302   0.05547   0.01112
   102/299     1.52G   0.05136   0.05528   0.01136     0.118       233       640    0.6812    0.8683    0.9245    0.4815    0.0414   0.05536   0.01099
   103/299     1.52G   0.04584   0.05967   0.01079    0.1163       202       640    0.7173    0.8195    0.8886    0.5067   0.04142   0.05431   0.01029
   104/299     1.52G   0.06361   0.05586   0.01099    0.1305       218       640    0.4661    0.8002    0.6069    0.2283   0.06728   0.05504   0.01048
   105/299     1.52G   0.07748   0.06157   0.01196     0.151       235       640    0.4606    0.8599     0.751    0.3307    0.0584   0.05943   0.01049
   106/299     1.52G   0.05404   0.06363   0.01235      0.13       204       640    0.5679    0.8804    0.8875    0.4284   0.04416   0.06027   0.01086
   107/299     1.52G   0.05237    0.0598   0.01183     0.124       162       640    0.4796    0.8726    0.7977    0.4318    0.0444   0.06149   0.01068
   108/299     1.52G   0.05218    0.0658   0.01239    0.1304       240       640    0.5838    0.9007     0.896    0.4857   0.04255   0.06077   0.01026
   109/299     1.52G   0.05114   0.06039   0.01139    0.1229       261       640    0.5828     0.903    0.8952     0.477   0.04168   0.05884  0.009431
   110/299     1.52G   0.05246   0.05867   0.01037    0.1215       188       640    0.8165    0.7734    0.9162    0.4241    0.0461   0.06016  0.008847
   111/299     1.52G     0.054   0.06017    0.0108     0.125       190       640    0.8876    0.7483    0.9394    0.5166   0.04165   0.05762   0.00876
   112/299     1.52G   0.05051   0.05978   0.01018    0.1205       187       640    0.7721    0.8895    0.9559    0.4571   0.04331   0.05776  0.009063
   113/299     1.52G   0.05577   0.06302   0.00987    0.1287       200       640    0.5352    0.8712    0.7544    0.2764   0.05153   0.06079  0.008642
   114/299     1.52G   0.06455   0.05714   0.01021    0.1319       244       640    0.6204    0.8516    0.8172    0.3564   0.05314   0.05721  0.009192
   115/299     1.52G   0.06536   0.05697    0.0115    0.1338       193       640    0.7495    0.6664    0.8466    0.3913   0.05319    0.0569  0.008951
   116/299     1.52G   0.05505   0.05904   0.01078    0.1249       187       640    0.8517    0.7607    0.9272    0.5164   0.04526    0.0562  0.008648
   117/299     1.52G   0.05071   0.05747   0.01056    0.1187       202       640    0.6186     0.922    0.9103    0.4651   0.04177   0.05745  0.008835
   118/299     1.52G   0.04901   0.05865   0.01005    0.1177       213       640    0.6424    0.9449    0.9045    0.4925    0.0414    0.0553  0.008591
   119/299     1.52G   0.04893   0.05533   0.00969    0.1139       181       640    0.7315    0.9638    0.9215    0.5153    0.0416   0.05545  0.008003
   120/299     1.52G    0.0533   0.05695  0.009177    0.1194       283       640    0.7255    0.9181    0.9072    0.4228    0.0442   0.05461  0.007964
   121/299     1.52G   0.05451   0.05768  0.009985    0.1222       216       640    0.7961    0.8886    0.9102    0.4569   0.04181   0.05575  0.008071
   122/299     1.52G   0.05085   0.05508   0.01043    0.1164       194       640    0.8125    0.9121     0.928    0.5315   0.03967   0.05424  0.007784
   123/299     1.52G   0.05034   0.05372  0.009421    0.1135       256       640    0.7919    0.9269    0.9583    0.5094   0.04313    0.0543  0.007725
   124/299     1.52G   0.05359   0.05543  0.009359    0.1184       213       640    0.6423    0.9113    0.8845    0.4354   0.04229   0.05591  0.007426
   125/299     1.52G   0.05234   0.05224  0.009875    0.1145       237       640    0.6024    0.9234    0.8883    0.4357   0.04256     0.054  0.007542
   126/299     1.52G   0.05288   0.05728  0.009603    0.1198       224       640     0.631    0.9242    0.8883    0.5224   0.04311   0.05427  0.007352
   127/299     1.52G   0.04927   0.05661  0.008798    0.1147       237       640    0.8685    0.9371    0.9736     0.587   0.03642   0.05316  0.007049
   128/299     1.52G   0.04938    0.0557  0.008911     0.114       190       640    0.7846    0.9169    0.9315    0.4625   0.04126    0.0542  0.006911
   129/299     1.52G   0.05091   0.05409  0.009236    0.1142       236       640    0.6726    0.9362    0.9028    0.4485    0.0397   0.05355  0.006769
   130/299     1.52G   0.04861   0.05557  0.008353    0.1125       193       640    0.7238    0.8905    0.9459    0.5341   0.03733    0.0532  0.007042
   131/299     1.52G   0.04683   0.05872  0.009427     0.115       216       640    0.8308    0.9009    0.9633    0.5757   0.03464   0.05211  0.007199
   132/299     1.52G   0.04393   0.05401  0.009018     0.107       174       640    0.8748    0.8938    0.9799    0.5375   0.03356   0.05173  0.007353
   133/299     1.52G   0.04375   0.05496  0.008829    0.1075       238       640    0.8653    0.8783    0.9681    0.5914   0.03527    0.0512  0.007276
   134/299     1.52G   0.04572   0.05116  0.008089     0.105       217       640     0.803    0.9077    0.9332    0.5336   0.03664   0.05241  0.006866
   135/299     1.52G   0.04674   0.05647  0.008232    0.1114       230       640    0.8248    0.8989    0.9443    0.5471   0.03496   0.05078   0.00653
   136/299     1.52G   0.04642   0.05707  0.007996    0.1115       236       640    0.8523    0.9278    0.9675    0.5862   0.03387   0.05149  0.006276
   137/299     1.52G   0.04423   0.05798  0.008035    0.1103       231       640    0.8413    0.9539    0.9784    0.6251   0.03398   0.05091  0.006068
   138/299     1.52G   0.04602   0.05663  0.007571    0.1102       268       640    0.8403    0.9481    0.9588    0.5597   0.03676    0.0515  0.005847
   139/299     1.52G   0.04881   0.05445  0.007443    0.1107       229       640    0.7593    0.9362    0.9412    0.6086   0.03757   0.05103  0.005817
   140/299     1.52G   0.04683   0.04967  0.007873    0.1044       203       640    0.8755    0.9241     0.958    0.5426   0.03539    0.0513  0.006013
   141/299     1.52G   0.04481   0.05308  0.007971    0.1059       238       640    0.8981    0.9612    0.9755     0.599   0.03413   0.05071  0.006072
   142/299     1.52G   0.04185   0.05117  0.008186    0.1012       173       640    0.8155    0.9585    0.9473    0.5651   0.03381   0.05027  0.006051
   143/299     1.52G   0.04198   0.05256  0.007438     0.102       191       640    0.8153     0.953    0.9563    0.6075    0.0336   0.05053  0.006018
   144/299     1.52G   0.04344   0.05181  0.007608    0.1029       197       640    0.8795    0.9249    0.9755    0.5739   0.03345   0.04985  0.005886
   145/299     1.52G   0.04218   0.05342  0.006746    0.1023       229       640    0.8952    0.9601    0.9755    0.6126     0.033   0.05078  0.005752
   146/299     1.52G   0.04213   0.05404  0.007389    0.1036       208       640    0.9344    0.9573    0.9883    0.5536   0.03309   0.05035  0.005686
   147/299     1.52G   0.04309   0.05094  0.007537    0.1016       176       640    0.9119    0.9788    0.9864    0.6011   0.03383   0.05039  0.005681
   148/299     1.52G   0.04551   0.05379  0.006948    0.1063       193       640    0.8501     0.964     0.962    0.5812   0.03461   0.05082  0.005681
   149/299     1.52G   0.04503   0.05214  0.007828     0.105       194       640    0.9198    0.9858    0.9895     0.633   0.03352   0.05033  0.005706
   150/299     1.52G   0.04576   0.05431  0.007641    0.1077       237       640    0.9728    0.9323    0.9897    0.5973   0.03539   0.05139  0.005631
   151/299     1.52G   0.04436   0.05291  0.007311    0.1046       198       640    0.9675    0.9563    0.9908    0.5998   0.03145   0.04982  0.005539
   152/299     1.52G   0.04178   0.05027  0.006887   0.09894       238       640    0.9536    0.9556    0.9923    0.6148   0.03186   0.04968  0.005543
   153/299     1.52G   0.04351   0.05083   0.00663     0.101       185       640    0.9578    0.9633    0.9912    0.6039   0.03408   0.04891  0.005438
   154/299     1.52G    0.0458    0.0508  0.006909    0.1035       237       640    0.9115    0.9624    0.9766    0.5948   0.03348   0.04973  0.005433
   155/299     1.52G   0.04505   0.05595  0.006743    0.1077       279       640    0.9061    0.9817    0.9825    0.5925   0.03329   0.04881  0.005376
   156/299     1.52G   0.04427   0.05186  0.006457    0.1026       218       640    0.8919    0.9054    0.9656    0.5299   0.03509   0.04948  0.005489
   157/299     1.52G     0.046     0.055  0.006838    0.1078       220       640    0.8886    0.9723    0.9818    0.5832   0.03467   0.04836  0.005194
   158/299     1.52G   0.04675   0.05243   0.00684     0.106       242       640     0.934    0.9446    0.9873    0.5773   0.03283   0.04889  0.005194
   159/299     1.52G   0.04331   0.05171  0.006701    0.1017       195       640     0.919    0.9772    0.9869    0.6222   0.03219   0.04821  0.005077
   160/299     1.52G   0.04345   0.05201  0.006749    0.1022       201       640    0.9557    0.9649    0.9915    0.5879   0.03286    0.0482  0.004963
   161/299     1.52G   0.04485    0.0529  0.006563    0.1043       235       640     0.953    0.9668    0.9923    0.5935   0.03355   0.04831   0.00489
   162/299     1.52G   0.04402   0.05221  0.006429    0.1027       213       640    0.9541    0.9637    0.9921    0.6101   0.03091   0.04862  0.004798
   163/299     1.52G    0.0407   0.05147  0.006663   0.09884       244       640     0.964    0.9771    0.9939    0.6442   0.02962   0.04777  0.004684
   164/299     1.52G   0.03984   0.05186  0.006316   0.09801       242       640    0.9705    0.9746    0.9943    0.6878   0.03098   0.04771  0.004556
   165/299     1.52G   0.04214   0.05287  0.006367    0.1014       245       640    0.9168    0.9829    0.9937    0.6696   0.03096    0.0474   0.00448
   166/299     1.52G   0.04092   0.04913  0.005769   0.09582       220       640    0.9451    0.9813    0.9919    0.6005   0.03083   0.04839  0.004455
   167/299     1.52G   0.03979   0.05128  0.006216   0.09728       235       640    0.9263    0.9836    0.9948    0.6608   0.02928   0.04718  0.004395
   168/299     1.52G   0.04113    0.0534  0.006597    0.1011       269       640    0.9478    0.9895    0.9943    0.6559   0.03088   0.04746  0.004369
   169/299     1.52G   0.04067   0.04756  0.006406   0.09464       195       640    0.9591    0.9804    0.9949     0.614   0.02946   0.04699  0.004384
   170/299     1.52G   0.04201   0.05083  0.006296   0.09914       187       640    0.9226    0.9708    0.9717    0.6227   0.03062   0.04761  0.004363
   171/299     1.52G   0.04205   0.04854  0.006375   0.09696       206       640    0.9638     0.974    0.9934    0.6521   0.03016   0.04742    0.0044
   172/299     1.52G   0.04199   0.04986  0.006379   0.09823       259       640    0.9691    0.9754    0.9948    0.6487   0.02989   0.04725  0.004359
   173/299     1.52G   0.04135   0.05163  0.006741   0.09971       270       640    0.9707    0.9845    0.9948    0.6811    0.0288   0.04661  0.004426
   174/299     1.52G   0.03879   0.05146  0.006197   0.09644       259       640    0.9497    0.9864    0.9948    0.6754   0.02803   0.04627  0.004363
   175/299     1.52G   0.03862   0.05171  0.006106   0.09643       258       640    0.9851    0.9842    0.9952    0.6637   0.02903   0.04602  0.004311
   176/299     1.52G   0.03945   0.05052  0.005806   0.09577       213       640    0.9804    0.9888    0.9938    0.6553   0.02881   0.04605  0.004202
   177/299     1.52G    0.0421   0.04921  0.005952   0.09726       203       640    0.9677    0.9915    0.9936    0.6375   0.03089   0.04627  0.004228
   178/299     1.52G   0.04173   0.05238   0.00583   0.09993       214       640    0.9755    0.9734    0.9949    0.6885   0.02789   0.04608  0.004255
   179/299     1.52G    0.0375   0.04935  0.005835   0.09268       178       640    0.9708    0.9775    0.9947    0.6816   0.02732   0.04551  0.004184
   180/299     1.52G   0.03765   0.04672  0.005986   0.09035       218       640    0.9719    0.9776    0.9925    0.7098   0.02676   0.04573  0.004061
   181/299     1.52G   0.03721   0.05185  0.005773   0.09483       190       640    0.9786    0.9827    0.9948    0.6946   0.02779   0.04567  0.003981
   182/299     1.52G   0.03797    0.0475  0.005795   0.09127       196       640    0.9713    0.9712    0.9935    0.6432   0.02778   0.04586  0.003941
   183/299     1.52G    0.0379   0.04816  0.005421   0.09148       238       640    0.9504    0.9782    0.9825    0.6909   0.02783   0.04564  0.003944
   184/299     1.52G   0.03871   0.04885  0.005927   0.09349       253       640    0.9666    0.9735    0.9938    0.6783   0.02889   0.04604  0.003985
   185/299     1.52G   0.03983   0.04791  0.005877   0.09362       217       640    0.9647      0.99    0.9951    0.6891   0.02783   0.04523  0.004049
   186/299     1.52G   0.03841   0.05089   0.00614   0.09544       224       640    0.9663    0.9939    0.9946     0.702   0.02682   0.04473  0.004019
   187/299     1.52G   0.03619   0.04799  0.005916   0.09009       197       640    0.9738    0.9928     0.995    0.6744    0.0274   0.04439  0.004002
   188/299     1.52G    0.0383   0.04994  0.005999   0.09424       245       640    0.9679    0.9899    0.9949    0.6767   0.02792   0.04458  0.003963
   189/299     1.52G   0.03869   0.04908  0.005571   0.09334       170       640    0.9658    0.9925    0.9952    0.7031   0.02679   0.04408   0.00397
   190/299     1.52G   0.03705   0.04766   0.00524   0.08995       230       640    0.9733    0.9812     0.995    0.6938   0.02571   0.04443  0.003938
   191/299     1.52G   0.03635   0.04797  0.005531   0.08985       235       640    0.9705    0.9885    0.9952    0.6873   0.02543   0.04469  0.003896
   192/299     1.52G   0.03641   0.04891  0.005929   0.09125       222       640    0.9746    0.9874     0.995    0.6678    0.0272   0.04486  0.003808
   193/299     1.52G   0.03711   0.04853  0.005142   0.09078       222       640    0.9761    0.9821    0.9938    0.6798     0.028   0.04482  0.003772
   194/299     1.52G   0.03843   0.04769  0.005295   0.09141       207       640    0.9665    0.9786    0.9935    0.6725   0.02701   0.04505  0.003751
   195/299     1.52G   0.03827   0.05086  0.005062   0.09419       267       640    0.9758    0.9815    0.9946    0.6801   0.02729   0.04497  0.003723
   196/299     1.52G   0.03598   0.04497  0.005132   0.08609       194       640     0.967     0.978    0.9909    0.6853   0.02544   0.04422  0.003665
   197/299     1.52G   0.03499   0.04957  0.005167   0.08973       240       640    0.9775    0.9794    0.9948    0.7035   0.02579   0.04354  0.003651
   198/299     1.52G   0.03492   0.04436  0.005198   0.08448       189       640    0.9743    0.9815    0.9949    0.7217   0.02438    0.0433  0.003588
   199/299     1.52G   0.03408   0.04443  0.005349   0.08386       203       640     0.974    0.9874    0.9949    0.7205   0.02484   0.04284   0.00353
   200/299     1.52G   0.03456   0.04996  0.005418   0.08994       251       640    0.9769    0.9855     0.995    0.7069   0.02509    0.0428  0.003435
   201/299     1.52G   0.03529   0.04815  0.005161    0.0886       185       640    0.9757    0.9863     0.995     0.696   0.02652   0.04252  0.003357
   202/299     1.52G   0.03715   0.04892  0.005379   0.09145       214       640    0.9709    0.9845    0.9948    0.6923   0.02482   0.04236  0.003332
   203/299     1.52G   0.03565   0.04962  0.004943   0.09022       246       640    0.9718    0.9828    0.9949    0.7095   0.02502    0.0423  0.003336
   204/299     1.52G   0.03386   0.04716  0.004802   0.08582       237       640    0.9714     0.978    0.9945    0.7066   0.02437   0.04254  0.003297
   205/299     1.52G   0.03443   0.04645  0.005006   0.08589       187       640    0.9762    0.9798     0.995    0.7297   0.02435   0.04238  0.003257
   206/299     1.52G   0.03316   0.04751   0.00477   0.08544       298       640    0.9742    0.9789    0.9947    0.7217   0.02408   0.04185  0.003219
   207/299     1.52G   0.03355   0.05001  0.004837   0.08839       177       640    0.9637     0.993     0.995    0.7352   0.02361   0.04167  0.003198
   208/299     1.52G   0.03303   0.04812  0.005343    0.0865       243       640    0.9736    0.9794    0.9951    0.7077    0.0239   0.04163  0.003184
   209/299     1.52G    0.0338   0.05033  0.004631   0.08876       231       640    0.9604    0.9936    0.9951    0.7221   0.02412   0.04155  0.003171
   210/299     1.52G   0.03467   0.04784  0.004808   0.08732       270       640    0.9748    0.9827    0.9952    0.7234   0.02386   0.04163  0.003176
   211/299     1.52G    0.0346   0.04646  0.004749   0.08581       214       640    0.9688    0.9861    0.9951    0.7283   0.02387   0.04155  0.003201
   212/299     1.52G   0.03491   0.04728  0.005158   0.08735       189       640    0.9666    0.9879    0.9951     0.743   0.02294   0.04144  0.003259
   213/299     1.52G   0.03274    0.0477  0.005353   0.08579       226       640    0.9719    0.9896    0.9951    0.7484   0.02275    0.0409  0.003293
   214/299     1.52G   0.03062   0.04674  0.004738    0.0821       250       640    0.9732    0.9888    0.9952    0.7537   0.02299   0.04089  0.003276
   215/299     1.52G   0.03226   0.04466  0.004504   0.08143       214       640    0.9738     0.983     0.995    0.7374   0.02351   0.04086  0.003249
   216/299     1.52G   0.03338   0.04851   0.00507   0.08696       241       640    0.9759    0.9808     0.995    0.7439   0.02234   0.04029  0.003218
   217/299     1.52G   0.03213   0.04508  0.004645   0.08185       190       640    0.9763    0.9774     0.995     0.734   0.02324   0.04026  0.003166
   218/299     1.52G   0.03421   0.04831  0.005078   0.08759       195       640    0.9768    0.9803    0.9952      0.71   0.02292   0.04018  0.003093
   219/299     1.52G   0.03283   0.04424   0.00425   0.08132       242       640    0.9649    0.9902    0.9949    0.7191   0.02384   0.04038  0.003039
   220/299     1.52G   0.03476   0.04924  0.004376   0.08837       264       640    0.9755    0.9771    0.9949    0.7274   0.02334   0.04076  0.003016
   221/299     1.52G   0.03438   0.04501   0.00437   0.08376       223       640    0.9686    0.9871     0.995    0.7323   0.02352   0.04057  0.002996
   222/299     1.52G   0.03251   0.04279  0.004342   0.07964       219       640     0.969    0.9853    0.9946    0.7197   0.02244   0.04023  0.002955
   223/299     1.52G   0.03134   0.04493  0.004637   0.08091       218       640    0.9723    0.9827    0.9949     0.734   0.02144   0.03984  0.002912
   224/299     1.52G   0.03062   0.04425  0.004538   0.07941       202       640    0.9742    0.9837    0.9949     0.736   0.02217   0.03999  0.002859
   225/299     1.52G   0.03098   0.04634  0.004123   0.08144       215       640    0.9756    0.9885    0.9949    0.7357    0.0216   0.03956  0.002817
   226/299     1.52G   0.03179   0.04444  0.004386   0.08061       204       640    0.9774      0.99    0.9949     0.747   0.02229   0.03938  0.002797
   227/299     1.52G   0.03234   0.04657  0.004081   0.08299       219       640    0.9784    0.9861    0.9948    0.7606   0.02106   0.03871   0.00277
   228/299     1.52G   0.03252   0.04711  0.004467    0.0841       284       640    0.9739    0.9901    0.9949    0.7221   0.02226   0.03935  0.002765
   229/299     1.52G   0.03221   0.04454  0.004287   0.08103       258       640    0.9801    0.9847    0.9949    0.7508   0.02144    0.0391  0.002765
   230/299     1.52G   0.03218   0.04784  0.004496   0.08452       218       640     0.974    0.9902    0.9951    0.7513   0.02124   0.03897  0.002778
   231/299     1.52G   0.03161    0.0455  0.004457   0.08157       157       640     0.977    0.9886    0.9949    0.7717   0.02096   0.03863  0.002766
   232/299     1.52G   0.03123   0.04745   0.00434   0.08302       209       640    0.9818    0.9854     0.995    0.7486   0.02177   0.03895  0.002738
   233/299     1.52G   0.03133   0.04435  0.004713   0.08039       226       640    0.9803    0.9848     0.995    0.7539   0.02115   0.03849  0.002702
   234/299     1.52G   0.03085   0.04679  0.003829   0.08147       245       640     0.979     0.987     0.995    0.7622   0.02147   0.03869  0.002676
   235/299     1.52G     0.031    0.0469  0.004364   0.08227       197       640    0.9752    0.9884    0.9949    0.7525   0.02077   0.03819   0.00265
   236/299     1.52G    0.0309     0.044  0.004208   0.07912       259       640    0.9724    0.9894     0.995     0.771    0.0208   0.03823  0.002635
   237/299     1.52G   0.03035   0.04516  0.004079    0.0796       233       640    0.9753    0.9896     0.995    0.7678   0.02102    0.0382  0.002623
   238/299     1.52G   0.03099   0.04503  0.004545   0.08057       180       640    0.9782    0.9895    0.9951    0.7686   0.02062    0.0382  0.002605
   239/299     1.52G   0.03086   0.04488  0.004126   0.07987       253       640    0.9789    0.9897    0.9951    0.7779    0.0209   0.03817  0.002612
   240/299     1.52G   0.03054   0.04275  0.004095   0.07739       207       640    0.9826    0.9892     0.995    0.7624    0.0209   0.03825  0.002602
   241/299     1.52G   0.03191    0.0489   0.00436   0.08517       259       640    0.9843    0.9872    0.9951    0.7491   0.02114    0.0385  0.002599
   242/299     1.52G      0.03   0.04461  0.004019   0.07864       216       640    0.9802    0.9899    0.9951    0.7649   0.02039   0.03822  0.002605
   243/299     1.52G   0.02968   0.04158  0.003824   0.07508       173       640    0.9794      0.99    0.9951    0.7697   0.02103   0.03838  0.002593
   244/299     1.52G   0.02997   0.04416  0.004011   0.07814       235       640    0.9784    0.9859    0.9951    0.7672   0.02072   0.03795  0.002562
   245/299     1.52G   0.03027    0.0445  0.003909   0.07868       248       640    0.9813     0.982    0.9947    0.7677   0.02024   0.03773  0.002531
   246/299     1.52G   0.03016   0.04729  0.004412   0.08186       228       640    0.9793    0.9847    0.9949    0.7678   0.02022   0.03779  0.002521
   247/299     1.52G    0.0289   0.04397   0.00428   0.07715       232       640    0.9773    0.9891    0.9948    0.7382   0.02054   0.03801  0.002518
   248/299     1.52G   0.02951   0.04532  0.003744   0.07858       206       640    0.9778    0.9869    0.9948    0.7435   0.02076   0.03847  0.002514
   249/299     1.52G    0.0289   0.03943  0.003954   0.07229       185       640    0.9776    0.9869    0.9947    0.7619   0.02019   0.03811  0.002509
   250/299     1.52G   0.02815   0.04315  0.003911   0.07521       229       640    0.9786    0.9869    0.9948    0.7801   0.02032   0.03818  0.002498
   251/299     1.52G   0.02904   0.04465  0.003503   0.07719       199       640    0.9793    0.9877    0.9949    0.7756   0.02072   0.03828  0.002463
   252/299     1.52G   0.02902   0.04228  0.003977   0.07528       173       640     0.981    0.9875    0.9951    0.7862   0.01998   0.03764  0.002429
   253/299     1.52G   0.02886    0.0454  0.003732     0.078       193       640    0.9801     0.989    0.9952    0.7539   0.02048    0.0378  0.002395
   254/299     1.52G   0.02965    0.0452  0.003792   0.07864       189       640      0.98    0.9888     0.995    0.7686    0.0209   0.03777   0.00237
   255/299     1.52G   0.03094   0.04541  0.003579   0.07992       248       640    0.9752    0.9912    0.9939    0.7554   0.02043   0.03742  0.002359
   256/299     1.52G   0.03004   0.04417  0.003827   0.07804       214       640    0.9728    0.9893    0.9951    0.7571   0.01983   0.03734  0.002357
   257/299     1.52G   0.02908   0.04448  0.003578   0.07714       194       640    0.9739    0.9897    0.9949    0.7615   0.01969   0.03721  0.002351
   258/299     1.52G   0.02876   0.04355  0.003836   0.07614       258       640    0.9791    0.9839    0.9949    0.7581   0.02027   0.03731   0.00233
   259/299     1.52G   0.02969   0.04402  0.003829   0.07754       230       640    0.9788    0.9836    0.9949    0.7666    0.0197    0.0371  0.002309
   260/299     1.52G   0.02865   0.04469   0.00371   0.07705       213       640    0.9773    0.9835    0.9951     0.765   0.01948   0.03702  0.002291
   261/299     1.52G   0.02726   0.04274  0.003587   0.07359       216       640    0.9817    0.9797    0.9951    0.7632   0.01956   0.03697  0.002268
   262/299     1.52G   0.02732   0.04378  0.003363   0.07446       185       640    0.9803    0.9848    0.9951    0.7749   0.01933   0.03691   0.00225
   263/299     1.52G   0.02848   0.04248  0.003399   0.07436       203       640    0.9807    0.9851     0.995    0.7558   0.02003   0.03707  0.002252
   264/299     1.52G   0.02843   0.04383  0.003622   0.07589       164       640    0.9773    0.9892    0.9952    0.7831   0.01887   0.03673  0.002258
   265/299     1.52G    0.0277   0.04109  0.003759   0.07255       176       640    0.9793    0.9867    0.9952    0.7897   0.01928   0.03692  0.002261
   266/299     1.52G   0.02814    0.0418  0.003811   0.07375       196       640    0.9768      0.99    0.9953    0.7898   0.01928    0.0366   0.00226
   267/299     1.52G   0.02771    0.0454  0.003764   0.07687       288       640    0.9774      0.99    0.9952      0.78   0.01931   0.03641  0.002244
   268/299     1.52G   0.02705   0.04478  0.003838   0.07568       234       640    0.9805    0.9888    0.9953    0.7737   0.01936   0.03625  0.002215
   269/299     1.52G   0.02818   0.04403  0.004055   0.07627       200       640    0.9795    0.9908    0.9953     0.786   0.01919   0.03606  0.002197
   270/299     1.52G   0.02761    0.0425  0.003576   0.07368       200       640    0.9816    0.9906    0.9952    0.7748   0.01932   0.03591   0.00218
   271/299     1.52G   0.02668   0.04568  0.003543    0.0759       248       640     0.983    0.9888    0.9952    0.7747   0.01905   0.03557  0.002159
   272/299     1.52G   0.02628   0.04313  0.003784    0.0732       211       640    0.9835    0.9883    0.9952    0.7873   0.01894   0.03557  0.002137
   273/299     1.52G   0.02739    0.0442  0.003673   0.07527       149       640    0.9834    0.9887    0.9952     0.796   0.01874   0.03531   0.00211
   274/299     1.52G   0.02699   0.04439  0.003463   0.07484       259       640    0.9833     0.989    0.9952    0.8005   0.01877   0.03513  0.002083
   275/299     1.52G   0.02691   0.04362  0.003466     0.074       215       640    0.9802     0.989    0.9951    0.7973   0.01859   0.03509  0.002059
   276/299     1.52G   0.02662    0.0413  0.003183    0.0711       162       640    0.9813    0.9887    0.9951     0.794   0.01868   0.03502  0.002033
   277/299     1.52G   0.02719   0.04114  0.003414   0.07174       199       640     0.981    0.9887    0.9951    0.7882   0.01911   0.03527  0.002024
   278/299     1.52G    0.0285   0.04537  0.003458   0.07734       238       640    0.9816     0.989    0.9949    0.7792   0.01881   0.03509  0.002006
   279/299     1.52G   0.02753   0.04062  0.003343   0.07149       237       640    0.9824    0.9892    0.9953    0.8038   0.01858    0.0351  0.001998
   280/299     1.52G   0.02649   0.04077  0.003385   0.07064       219       640    0.9818    0.9894    0.9953     0.802   0.01883   0.03562  0.001991
   281/299     1.52G   0.02697   0.04304  0.003604   0.07361       261       640    0.9809    0.9894    0.9953    0.8037   0.01874    0.0357  0.002001
   282/299     1.52G   0.02696   0.04016  0.003343   0.07046       206       640    0.9793    0.9891    0.9953    0.8024   0.01888   0.03585  0.001998
   283/299     1.52G   0.02611   0.04112  0.003331   0.07056       214       640    0.9787    0.9884    0.9953    0.8073   0.01864   0.03568  0.001994
   284/299     1.52G   0.02749   0.04331  0.003616   0.07441       211       640    0.9752    0.9934    0.9953    0.7908    0.0188   0.03558  0.001973
   285/299     1.52G   0.02752   0.04089  0.003458   0.07187       249       640    0.9788    0.9877    0.9953    0.7815   0.01888   0.03544  0.001964
   286/299     1.52G   0.02826   0.03982  0.003334   0.07141       208       640    0.9786    0.9882    0.9953    0.7771   0.01874    0.0353  0.001961
   287/299     1.52G   0.02782   0.04132   0.00333   0.07247       233       640    0.9801    0.9874    0.9953    0.7838   0.01912   0.03546  0.001969
   288/299     1.52G   0.02829   0.04303  0.003344   0.07467       267       640    0.9815    0.9867    0.9953    0.7905   0.01876   0.03508  0.001975
   289/299     1.52G   0.02742    0.0408  0.003427   0.07165       188       640    0.9786    0.9878    0.9953    0.8106   0.01822   0.03474  0.001984
   290/299     1.52G   0.02658   0.04158  0.003354   0.07151       224       640    0.9762    0.9882    0.9953    0.8009   0.01797   0.03445  0.001988
   291/299     1.52G   0.02616   0.04156  0.003297   0.07102       180       640    0.9801    0.9856    0.9953    0.8017   0.01818   0.03465  0.001986
   292/299     1.52G   0.02603   0.04301  0.003375   0.07242       202       640    0.9826    0.9845    0.9952    0.7957   0.01805   0.03444  0.001989
   293/299     1.52G   0.02676    0.0414  0.003621   0.07178       255       640    0.9821     0.986    0.9952    0.7969   0.01811   0.03463  0.001995
   294/299     1.52G   0.02641   0.04065  0.003569   0.07063       193       640    0.9785    0.9889    0.9952    0.8027   0.01835   0.03502  0.001996
   295/299     1.52G   0.02713   0.04326  0.003888   0.07428       233       640    0.9789    0.9888    0.9952    0.8019   0.01855   0.03496  0.002003
   296/299     1.52G   0.02637   0.04157   0.00353   0.07147       256       640    0.9842    0.9827    0.9952    0.8133   0.01793   0.03478  0.001997
   297/299     1.52G   0.02698   0.04327  0.003639   0.07389       228       640    0.9806    0.9861    0.9952    0.8018   0.01804   0.03468  0.002001
   298/299     1.52G   0.02634   0.04241  0.003443    0.0722       193       640    0.9806    0.9878    0.9952    0.7989   0.01796   0.03439  0.001998
   299/299     1.52G   0.02746   0.04228  0.004003   0.07375       253       640    0.9823    0.9866    0.9952    0.7989   0.01793   0.03442  0.001991
