0 0.766406 0.350694 0.029687 0.099537
0 0.698958 0.656250 0.069792 0.118056
0 0.603646 0.392361 0.039583 0.113426
0 0.527083 0.684606 0.058333 0.135417
0 0.319271 0.763889 0.092708 0.208333
0 0.317448 0.193287 0.043229 0.083333
0 0.459635 0.416088 0.083854 0.137731
0 0.454427 0.553819 0.069271 0.142361
2 0.369271 0.162037 0.059375 0.106481
0 0.357552 0.339699 0.057813 0.096065
3 0.674479 0.144097 0.065625 0.107639
3 0.794010 0.075231 0.076563 0.129630
3 0.602604 0.425926 0.072917 0.164352
4 0.215104 0.064815 0.031250 0.048611
4 0.227604 0.102431 0.040625 0.054398
