     0/299     1.44G    0.0803    0.1364     0.107    0.3237       215       640    0.1593   0.04532   0.02998   0.01111   0.06477    0.1445   0.09662
     1/299     6.34G   0.07688    0.1409    0.1076    0.3254       241       640    0.1752   0.06302   0.03209   0.01208   0.06223    0.1512   0.08863
     2/299     6.34G   0.07025     0.122    0.1021    0.2943       220       640    0.1741   0.09178   0.03585   0.01283   0.06016    0.1593   0.07982
     3/299     6.34G   0.06445     0.107   0.08926    0.2607       195       640    0.1807    0.1513   0.04761   0.01783   0.05826    0.1585   0.06837
     4/299     6.34G   0.06097     0.108    0.0773    0.2463       226       640    0.3399    0.1776   0.07577     0.029   0.05662     0.149   0.05697
     5/299     6.34G   0.05641   0.09593   0.06461    0.2169       236       640    0.1477    0.2037    0.1377   0.05718   0.05296    0.1196   0.04772
     6/299     6.34G   0.05526   0.09049   0.05522     0.201       215       640    0.2371     0.222    0.2122     0.093   0.04988    0.1033   0.04097
     7/299     6.34G   0.05256   0.09032   0.04683    0.1897       234       640    0.3164    0.2733    0.2731    0.1259   0.04878   0.09546   0.03612
     8/299     6.34G   0.05175   0.08076   0.04103    0.1735       196       640    0.3942    0.3378    0.3314    0.1589   0.04713   0.08984   0.03237
     9/299     6.34G   0.05078   0.08767   0.03575    0.1742       224       640    0.3398     0.466     0.393    0.1961   0.04604   0.08715   0.02934
    10/299     6.34G   0.04933   0.07876   0.03494     0.163       242       640    0.4207    0.4604    0.4425    0.2206    0.0457   0.08353   0.02683
    11/299     6.34G     0.049   0.08105    0.0319    0.1619       189       640    0.5083    0.4648    0.4808    0.2519   0.04447   0.08259   0.02462
    12/299     6.34G   0.04776   0.07578   0.02811    0.1517       181       640    0.5615    0.4792    0.5035    0.2654   0.04407    0.0813   0.02259
    13/299     6.34G   0.04829   0.07864   0.02665    0.1536       240       640    0.6005    0.4956    0.5371     0.289   0.04352   0.07985   0.02103
    14/299     6.34G   0.04686   0.07262   0.02565    0.1451       180       640      0.61     0.512    0.5642    0.3061   0.04288    0.0785   0.01986
    15/299     6.34G   0.04804   0.08015   0.02442    0.1526       209       640    0.6311    0.5393    0.5846    0.3196    0.0425   0.07811    0.0184
    16/299     6.34G   0.04669   0.07648    0.0218     0.145       236       640    0.5949    0.5904    0.6084    0.3261   0.04264   0.07724   0.01724
    17/299     6.34G   0.04647   0.07288   0.02115    0.1405       218       640    0.6801    0.6113    0.6521    0.3519     0.042   0.07622   0.01607
    18/299     6.34G   0.04546   0.07379    0.0211    0.1403       283       640    0.6937    0.6311    0.6778    0.3592   0.04329   0.07586   0.01497
    19/299     6.34G   0.04499   0.07197   0.01854    0.1355       195       640    0.8015    0.5921    0.7085    0.3841   0.04154   0.07553   0.01395
    20/299     6.34G   0.04555   0.07105   0.01846    0.1351       225       640    0.8224    0.5968    0.7273    0.4025   0.04107   0.07449    0.0133
    21/299     6.34G   0.04606    0.0698    0.0164    0.1323       206       640    0.8084    0.6084    0.7264    0.3207    0.0474   0.07427   0.01273
    22/299     6.34G   0.04884   0.07353   0.01597    0.1383       225       640     0.782    0.6459    0.7116    0.3686   0.04508   0.07372    0.0122
    23/299     6.34G   0.04933   0.06931    0.0156    0.1342       284       640    0.8463     0.633    0.7491    0.3781   0.04742   0.07337   0.01156
    24/299     6.34G   0.04753   0.07166   0.01511    0.1343       236       640     0.825    0.6808    0.7754    0.4268   0.04423   0.07262   0.01134
    25/299     6.34G   0.04746   0.06832    0.0164    0.1322       198       640     0.754    0.7596    0.7997    0.4036   0.04437   0.07255   0.01056
    26/299     6.34G   0.04652   0.06778   0.01453    0.1288       174       640    0.7544    0.7423    0.7739    0.3939   0.04394   0.07219   0.01018
    27/299     6.34G   0.04845   0.06838   0.01398    0.1308       250       640     0.749    0.7606    0.7775    0.3952   0.04661   0.07145  0.009642
    28/299     6.34G    0.0479   0.06613   0.01341    0.1274       188       640     0.764    0.7453    0.7865    0.4034   0.04564   0.07118  0.009333
    29/299     6.34G   0.04882   0.07201   0.01302    0.1339       214       640     0.812    0.7906    0.8336    0.4226   0.04581   0.07119  0.009185
    30/299     6.34G   0.04668   0.06473   0.01257     0.124       192       640    0.8573    0.7881    0.8501    0.4272   0.04462   0.07006  0.008762
    31/299     6.34G   0.04857   0.06858   0.01138    0.1285       202       640    0.7728    0.8011    0.8012    0.3776   0.04655   0.07023  0.008063
    32/299     6.34G   0.04679   0.06862   0.01167    0.1271       229       640     0.774    0.7907    0.8108    0.4298   0.04249   0.06977   0.00789
    33/299     6.34G   0.04644   0.06497   0.01093    0.1223       238       640    0.8566    0.8117    0.8565    0.4571   0.04289   0.06906  0.007618
    34/299     6.34G   0.04815   0.06476   0.01112     0.124       251       640    0.7989    0.7886    0.8234    0.4396   0.04335   0.06848  0.007477
    35/299     6.34G   0.04817   0.06605   0.01086    0.1251       252       640    0.8962    0.8106    0.8886    0.4787   0.04192   0.06882  0.007032
    36/299     6.34G   0.04398   0.06548   0.01031    0.1198       222       640    0.8232    0.8273    0.8733    0.4771   0.04339   0.06798  0.006528
    37/299     6.34G   0.04744   0.06628  0.009192    0.1229       216       640    0.8928    0.8455    0.9001    0.4764   0.04059   0.06747  0.006338
    38/299     6.34G   0.04743   0.06546  0.009891    0.1228       216       640    0.8577    0.8406    0.8789    0.4506   0.04396   0.06729  0.006037
    39/299     6.34G   0.04959   0.06425    0.0093    0.1231       187       640    0.8648    0.8369    0.8923     0.453   0.04236   0.06716  0.006128
    40/299     6.34G   0.04563   0.06312  0.009492    0.1183       249       640    0.8869     0.834    0.8989    0.4839   0.04205   0.06663  0.005993
    41/299     6.34G    0.0464   0.06379  0.009139    0.1193       181       640    0.9045    0.8559    0.9192    0.4843   0.04299   0.06711  0.005971
    42/299     6.34G   0.04597   0.06718  0.009643    0.1228       196       640     0.906    0.8917    0.9294    0.4908   0.04263    0.0664  0.005799
    43/299     6.34G    0.0481   0.06051   0.00782    0.1164       224       640    0.8815    0.8736    0.9118    0.4919   0.04124   0.06636  0.005898
    44/299     6.34G   0.04345   0.06448  0.008513    0.1164       216       640    0.9053    0.9023    0.9438    0.5542   0.03748   0.06555  0.005669
    45/299     6.34G   0.04438    0.0633  0.007978    0.1157       210       640    0.9134    0.8699    0.9223    0.5046   0.04053    0.0649  0.005431
    46/299     6.34G   0.04803   0.06059  0.007523    0.1161       186       640    0.8743    0.8899    0.9114    0.4517   0.04361   0.06486  0.004471
    47/299     6.34G   0.04695   0.06375   0.00813    0.1188       235       640    0.8855     0.889    0.9161    0.4838   0.04306   0.06461  0.005046
    48/299     6.34G   0.04652   0.06111  0.007753    0.1154       218       640     0.892    0.8846    0.9233     0.482   0.04207   0.06457  0.004985
    49/299     6.34G   0.04631   0.06575  0.007228    0.1193       269       640    0.9004      0.89    0.9321     0.511   0.04114   0.06389   0.00505
    50/299     6.34G   0.04686   0.06219   0.00721    0.1163       251       640    0.9046    0.8821     0.937    0.4753   0.04221   0.06396  0.004644
    51/299     6.34G   0.04331   0.06467  0.006525    0.1145       176       640    0.9061    0.9207    0.9457    0.5555    0.0391   0.06386  0.004303
    52/299     6.34G   0.04437   0.06305  0.007488    0.1149       264       640    0.9094    0.8888    0.9269    0.4695   0.04351   0.06492  0.004431
    53/299     6.34G   0.04449   0.06056   0.00631    0.1114       177       640     0.906    0.9262    0.9414    0.5278   0.04227    0.0629  0.004187
    54/299     6.34G   0.04805   0.06102  0.006884     0.116       244       640    0.9502    0.9218    0.9658     0.544   0.04085   0.06351   0.00418
    55/299     6.34G   0.04432   0.06161  0.006953    0.1129       214       640    0.8806    0.9285    0.9419    0.5012   0.04281   0.06352  0.004046
    56/299     6.34G   0.04491   0.06052  0.006458    0.1119       228       640    0.9359    0.9328    0.9677    0.5505   0.03725   0.06235  0.004081
    57/299     6.34G   0.04371   0.06063  0.006579    0.1109       228       640     0.934    0.9187    0.9583    0.5267   0.04269   0.06185  0.003909
    58/299     6.34G   0.04448   0.05952   0.00566    0.1097       203       640    0.9243    0.9478    0.9715    0.5781   0.03773   0.06136  0.004024
    59/299     6.34G   0.04377   0.06115  0.006111     0.111       219       640    0.8994    0.9395    0.9612     0.568   0.04163   0.06175  0.003832
    60/299     6.34G   0.04659   0.05752  0.005513    0.1096       206       640    0.8716    0.9137    0.9384    0.4693   0.04525   0.06133  0.003991
    61/299     6.34G   0.04466   0.05771  0.006678     0.109       196       640    0.9293    0.9437    0.9729    0.6021   0.03585   0.06024  0.004585
    62/299     6.34G   0.04179     0.061  0.006362    0.1092       216       640    0.9367    0.9403    0.9688     0.548   0.03759   0.05994  0.004008
    63/299     6.34G   0.04559   0.05566  0.005812    0.1071       197       640    0.6521    0.8898    0.7732    0.4197    0.0539   0.05993   0.00393
    64/299     6.34G    0.0544   0.05744  0.006716    0.1186       228       640    0.9408    0.9557    0.9781    0.5931   0.03682   0.06123  0.004995
    65/299     6.34G   0.04553   0.05691  0.006605     0.109       228       640    0.8815    0.9202     0.936    0.5581   0.04408   0.06009  0.004514
    66/299     6.34G   0.05098   0.06008  0.007131    0.1182       253       640     0.877    0.8861    0.9287    0.5317    0.0397    0.0604  0.005313
    67/299     6.34G   0.04815   0.05937  0.006538    0.1141       232       640    0.6502    0.8605    0.8421    0.4775   0.04313   0.05933   0.00488
    68/299     6.34G   0.04761   0.05667  0.006567    0.1108       187       640    0.9293    0.9572     0.974     0.554   0.03775   0.06006  0.004438
    69/299     6.34G   0.04623   0.05921  0.006605     0.112       224       640    0.8161    0.8885    0.8954    0.4659   0.04772   0.06053  0.004278
    70/299     6.34G   0.04872   0.05716  0.007138     0.113       179       640    0.8664    0.9522    0.9285    0.5077   0.04265    0.0584  0.004158
    71/299     6.34G   0.05271   0.05501   0.00671    0.1144       213       640    0.9061    0.9003    0.9449    0.5256   0.04237   0.05939   0.00484
    72/299     6.34G   0.04887   0.05527  0.006704    0.1108       156       640    0.8815    0.9098    0.9611    0.5615   0.03871   0.06016    0.0056
    73/299     6.34G   0.04608   0.05818  0.006864    0.1111       197       640    0.8579    0.8813    0.9159    0.5357   0.04321    0.0585   0.00427
    74/299     6.34G   0.04812   0.05618  0.005978    0.1103       226       640    0.9085    0.9272    0.9681    0.5696   0.03828   0.05973  0.004281
    75/299     6.34G   0.04593   0.05743  0.006004    0.1094       256       640    0.8292    0.8987    0.9084    0.4755   0.03815   0.05887  0.004286
    76/299     6.34G   0.04172   0.06027  0.006147    0.1081       224       640    0.8432    0.9408     0.925    0.5712   0.04271   0.05776  0.003704
    77/299     6.34G   0.04942   0.05671   0.00565    0.1118       248       640    0.8614    0.9353    0.9393    0.5306   0.04455   0.05796  0.003831
    78/299     6.34G   0.05192   0.05349  0.005752    0.1112       230       640    0.9238    0.9415    0.9705    0.5611   0.04228   0.05699  0.004417
    79/299     6.34G   0.04615   0.05826  0.005994    0.1104       231       640    0.9294    0.9758    0.9781    0.5847   0.03735   0.05767  0.004259
    80/299     6.34G   0.04863   0.05729  0.005713    0.1116       209       640    0.9053    0.9396    0.9469    0.5402    0.0405   0.05858  0.004525
    81/299     6.34G   0.04485   0.05709  0.005757    0.1077       195       640    0.8571     0.944    0.9392    0.5288   0.03887   0.05807  0.004298
    82/299     6.34G   0.04253   0.05196  0.005767    0.1003       207       640    0.8396    0.9031    0.9173     0.434   0.05393   0.05783  0.003613
    83/299     6.34G    0.0533   0.05073  0.005738    0.1098       209       640    0.9428    0.9381    0.9713    0.5837   0.03858   0.05672   0.00437
    84/299     6.34G   0.04441   0.05494  0.006015    0.1054       199       640    0.9465    0.9692    0.9786    0.6021   0.03505   0.05651  0.004712
    85/299     6.34G   0.04282   0.05653  0.005372    0.1047       220       640     0.777    0.9588    0.9091    0.4602   0.04721   0.05732  0.003724
    86/299     6.34G   0.04927    0.0535  0.005588    0.1084       185       640    0.8853     0.971    0.9534    0.5771   0.03671   0.05646  0.004065
    87/299     6.34G   0.04347   0.05434  0.005924    0.1037       230       640    0.9077    0.9715    0.9702    0.5351   0.03805   0.05596  0.004219
    88/299     6.34G   0.04227   0.05499  0.006006    0.1033       194       640    0.9516    0.9637    0.9789     0.534   0.04342   0.05629  0.004184
    89/299     6.34G   0.04945   0.05577  0.005678    0.1109       233       640    0.8847    0.9521    0.9532    0.5624   0.03874   0.05537  0.004625
    90/299     6.34G   0.04693   0.05534   0.00615    0.1084       194       640    0.8918     0.926    0.9618    0.6033   0.03726   0.05543  0.004821
    91/299     6.34G   0.04088   0.05428  0.005581    0.1007       221       640    0.9097    0.9564     0.976    0.6018   0.03781   0.05617  0.004183
    92/299     6.34G   0.04763   0.05473  0.005291    0.1076       187       640    0.9063    0.9268    0.9617    0.5882   0.03776   0.05489  0.004103
    93/299     6.34G   0.04279   0.05581  0.005681    0.1043       199       640    0.9681    0.9404    0.9852    0.6272   0.03547   0.05464  0.004241
    94/299     6.34G   0.04062    0.0553  0.005075     0.101       245       640    0.8399    0.9222    0.9353    0.5421   0.04048   0.05551  0.003754
    95/299     6.34G   0.04684    0.0567  0.005612    0.1091       222       640     0.915     0.966    0.9826    0.6034    0.0387   0.05454  0.003763
    96/299     6.34G   0.04784   0.05239  0.005524    0.1058       215       640    0.8475    0.9486     0.923    0.5341   0.04283    0.0543  0.004073
    97/299     6.34G    0.0431   0.05208  0.006168    0.1013       204       640    0.9341    0.9619    0.9758    0.5404   0.04182   0.05539  0.003976
    98/299     6.34G   0.04886   0.05332  0.005523    0.1077       207       640    0.9443    0.9689    0.9855    0.5936   0.03709   0.05439  0.004105
    99/299     6.34G   0.04362   0.05214  0.005824    0.1016       243       640    0.9503    0.9729    0.9886    0.6186   0.03599   0.05389  0.004436
   100/299     6.34G   0.04058    0.0566  0.006147    0.1033       208       640     0.925    0.9411    0.9772    0.5708   0.03789   0.05373  0.003814
   101/299     6.34G   0.04813   0.05064  0.005371    0.1041       165       640    0.9478    0.9462    0.9729    0.6108   0.03668   0.05437  0.004142
   102/299     6.34G   0.04483   0.05629  0.005801    0.1069       220       640    0.9104     0.958    0.9632    0.5538   0.04183   0.05604  0.004092
   103/299     6.34G   0.04216   0.05113  0.005825   0.09911       171       640    0.9208     0.956    0.9674    0.5698   0.03827   0.05424  0.003802
   104/299     6.34G   0.05466   0.05128  0.005213    0.1112       172       640    0.7374    0.8953    0.8455    0.3614   0.06015   0.05643  0.004182
   105/299     6.34G   0.06499    0.0577  0.006725    0.1294       193       640    0.7594    0.9306     0.864    0.4813   0.04664   0.05798  0.006045
   106/299     6.34G    0.0481   0.05981  0.008408    0.1163       228       640    0.8737    0.9453    0.9687    0.5739   0.04015   0.05777  0.006581
   107/299     6.34G    0.0446   0.05805  0.006985    0.1096       265       640    0.8741    0.9477    0.9665    0.5522   0.03959   0.05643  0.005227
   108/299     6.34G   0.04895   0.05583  0.006123    0.1109       213       640    0.8282    0.9372    0.9588    0.5556   0.04332    0.0561  0.004634
   109/299     6.34G   0.05259   0.05404  0.005316    0.1119       199       640    0.8434    0.9297     0.947      0.57   0.04106   0.05593   0.00432
   110/299     6.34G   0.04832   0.05282  0.006065    0.1072       147       640    0.8112    0.9517    0.9488    0.5714   0.03763    0.0548  0.004409
   111/299     6.34G   0.04533   0.05715  0.005927    0.1084       247       640    0.8815    0.9355    0.9648    0.5915   0.03899   0.05553  0.004242
   112/299     6.34G   0.04626   0.05835  0.005729    0.1103       215       640    0.8838    0.9672    0.9831    0.6047   0.03609   0.05487  0.004208
   113/299     6.34G   0.04462   0.05419  0.005749    0.1046       226       640    0.9336    0.8825    0.9746    0.5806   0.03964   0.05401  0.003986
   114/299     6.34G   0.04616   0.05095  0.005634    0.1027       162       640    0.8962    0.9424    0.9661    0.5907   0.03732   0.05371  0.004087
   115/299     6.34G    0.0468   0.05456  0.005963    0.1073       252       640    0.9171     0.942    0.9788    0.6082   0.03716   0.05342  0.004132
   116/299     6.34G   0.04648   0.05351  0.005497    0.1055       228       640    0.8401    0.9785    0.9654    0.5926   0.03796   0.05371  0.003903
   117/299     6.34G   0.04579    0.0537  0.005249    0.1047       221       640    0.9316    0.9657    0.9807    0.6369   0.03557   0.05338  0.004033
   118/299     6.34G   0.04438   0.04974   0.00587   0.09999       196       640    0.9638    0.9576    0.9888    0.6114   0.03561   0.05399  0.004119
   119/299     6.34G   0.04223   0.05278  0.005317    0.1003       220       640    0.8764    0.9751    0.9642    0.5944   0.03523   0.05346  0.004172
   120/299     6.34G   0.04511    0.0591  0.005497    0.1097       144       640    0.9268    0.9479    0.9819    0.6182   0.03428   0.05355   0.00409
   121/299     6.34G   0.04268    0.0538  0.005713    0.1022       198       640    0.8781    0.9368    0.9511    0.5885   0.03576   0.05431  0.004098
   122/299     6.34G   0.04413    0.0558  0.005708    0.1056       201       640    0.9218    0.9602    0.9827    0.6322   0.03326   0.05293  0.004048
   123/299     6.34G   0.04328   0.05844   0.00594    0.1077       241       640    0.9558    0.9474    0.9838     0.618   0.03401   0.05297  0.004191
   124/299     6.34G   0.04381   0.05527  0.005789    0.1049       205       640    0.9003    0.9215     0.963    0.5636   0.03662   0.05343  0.004187
   125/299     6.34G   0.04435   0.05073  0.005735    0.1008       166       640    0.9203    0.9826    0.9784    0.6172   0.03468   0.05259  0.004097
   126/299     6.34G   0.04518   0.05403  0.005417    0.1046       255       640    0.8412    0.9506    0.9314    0.5205   0.03583   0.05348  0.004362
   127/299     6.34G   0.04321   0.05438  0.005874    0.1035       206       640    0.9549    0.9541    0.9817    0.6047    0.0351   0.05318   0.00437
   128/299     6.34G   0.04481   0.05261  0.005583     0.103       163       640     0.899    0.9296    0.9418    0.5515   0.03496   0.05292  0.004093
   129/299     6.34G   0.04466   0.05686  0.005261    0.1068       202       640    0.9029    0.9409    0.9739    0.6242   0.03513   0.05304  0.004009
   130/299     6.34G   0.04457   0.05353  0.005302    0.1034       217       640    0.9398    0.9567    0.9786    0.6468    0.0343   0.05315   0.00447
   131/299     6.34G   0.04163   0.05314  0.005638    0.1004       245       640    0.9729    0.9776    0.9903    0.6732   0.03198   0.05213  0.004305
   132/299     6.34G   0.04132   0.04923   0.00552   0.09607       196       640    0.9056    0.9619    0.9828    0.6555   0.03469   0.05236  0.003971
   133/299     6.34G   0.04301   0.04883  0.005198   0.09703       223       640    0.8818    0.9211    0.9427    0.6062   0.03627   0.05184  0.003747
   134/299     6.34G    0.0452   0.04917  0.005396   0.09977       238       640    0.8375     0.903      0.93    0.5749   0.03716   0.05256  0.004415
   135/299     6.34G   0.04411   0.04987  0.005264   0.09925       220       640     0.938    0.9674    0.9875     0.647   0.03522   0.05252  0.004403
   136/299     6.34G   0.04003    0.0517  0.005918   0.09765       241       640    0.9423    0.9846    0.9856     0.658   0.03258    0.0522  0.004249
   137/299     6.34G   0.04092   0.05219  0.005579   0.09868       263       640    0.9668    0.9846    0.9923    0.6534   0.03311    0.0519  0.003979
   138/299     6.34G   0.04357    0.0527  0.005406    0.1017       181       640    0.9309    0.9699    0.9693    0.6048   0.03396   0.05113  0.003886
   139/299     6.34G   0.04517   0.05162    0.0054    0.1022       220       640    0.9128    0.9514    0.9792    0.5909   0.03615   0.05112  0.003664
   140/299     6.34G   0.04753   0.05333  0.004828    0.1057       198       640    0.8317    0.9144     0.956    0.5694   0.03617    0.0519  0.003958
   141/299     6.34G   0.04467   0.05569  0.005622     0.106       190       640    0.8421    0.9564    0.9773    0.6298   0.03158   0.05219   0.00427
   142/299     6.34G   0.04053   0.05157  0.005357   0.09746       214       640     0.904    0.9839    0.9827    0.6503   0.03203   0.05164  0.004086
   143/299     6.34G   0.04026   0.05322  0.005454   0.09892       241       640    0.9794    0.9835    0.9913    0.6303   0.03276   0.05057  0.003911
   144/299     6.34G   0.04081   0.05097  0.005363   0.09714       150       640    0.9568    0.9781    0.9902    0.6201   0.03199   0.04981  0.003865
   145/299     6.34G   0.04496   0.05154  0.005107    0.1016       224       640    0.9453    0.9727    0.9897    0.5851    0.0395    0.0513   0.00371
   146/299     6.34G   0.04836   0.04975  0.004765    0.1029       235       640    0.8819    0.9608    0.9796    0.6347    0.0351   0.05069  0.003925
   147/299     6.34G   0.04354   0.05124   0.00577    0.1005       220       640    0.9499    0.9723    0.9888    0.6654   0.03155   0.05012  0.004262
   148/299     6.34G   0.04177   0.05145  0.005767   0.09899       219       640     0.939    0.9896    0.9824    0.6448    0.0318   0.05022  0.004335
   149/299     6.34G    0.0394    0.0518  0.005297   0.09651       242       640    0.9757    0.9767    0.9926    0.6558    0.0312   0.05044  0.004162
   150/299     6.34G   0.04084   0.05106  0.005144   0.09704       181       640    0.9581    0.9864    0.9905    0.6622   0.03314   0.04995  0.004037
   151/299     6.34G   0.04255   0.05067  0.005683    0.0989       262       640     0.965    0.9629    0.9919    0.6352   0.03285    0.0492  0.004106
   152/299     6.34G   0.04313   0.05058  0.005044   0.09876       251       640    0.9179    0.9421    0.9787    0.6572   0.03168   0.04877  0.004078
   153/299     6.34G   0.04008    0.0485  0.005081   0.09366       271       640    0.9575    0.9825    0.9878    0.6531   0.03244   0.04886  0.004077
   154/299     6.34G   0.04022   0.04827  0.005336   0.09383       207       640    0.9451    0.9848    0.9868     0.678   0.02981   0.04861    0.0041
   155/299     6.34G   0.03839   0.05343  0.005496   0.09731       209       640    0.9639    0.9786     0.993    0.6697   0.03333    0.0486  0.004008
   156/299     6.34G   0.04068    0.0504  0.005121    0.0962       211       640    0.9719    0.9843    0.9931    0.6679   0.02963    0.0477  0.003892
   157/299     6.34G   0.04155    0.0514  0.005132   0.09808       224       640      0.98    0.9864    0.9941    0.6584   0.03195   0.04819  0.003814
   158/299     6.34G   0.04159   0.05257  0.005391   0.09955       237       640    0.9797     0.985    0.9944    0.6617   0.02989   0.04822  0.003893
   159/299     6.34G   0.04195   0.05392  0.005194    0.1011       261       640    0.9768     0.985     0.994    0.6879   0.03083   0.04754  0.003883
   160/299     6.34G   0.04115   0.04948  0.004991   0.09562       237       640    0.9591    0.9802    0.9917    0.6561   0.03075   0.04804  0.003899
   161/299     6.34G   0.03951   0.04791   0.00476   0.09218       216       640    0.9309    0.9828    0.9945    0.6499   0.02982   0.04743  0.003778
   162/299     6.34G   0.04092   0.05107  0.005018     0.097       253       640    0.9192    0.9885    0.9939    0.6896     0.031   0.04773  0.003825
   163/299     6.34G   0.04163   0.04453  0.004568   0.09073       199       640    0.9324    0.9844    0.9944    0.6725   0.03058   0.04772  0.003994
   164/299     6.34G    0.0407   0.04924   0.00528   0.09522       216       640     0.944    0.9868    0.9826    0.6676   0.03066   0.04751   0.00416
   165/299     6.34G    0.0397   0.04841  0.005149   0.09327       218       640    0.9781    0.9866    0.9931    0.6933   0.02937   0.04723  0.004151
   166/299     6.34G   0.04019   0.04635  0.005276   0.09182       257       640    0.9748    0.9869    0.9944    0.6836    0.0281   0.04767  0.004279
   167/299     6.34G   0.03566   0.04809  0.005082   0.08883       185       640    0.9758      0.99    0.9941    0.7179   0.02689   0.04721  0.004179
   168/299     6.34G   0.03764   0.05073  0.005082   0.09346       220       640    0.9688    0.9869    0.9942    0.6795   0.03048   0.04802  0.003972
   169/299     6.34G   0.03924   0.05029  0.004706   0.09423       209       640    0.9795     0.991    0.9948    0.6964   0.02866   0.04723  0.003811
   170/299     6.34G   0.03945   0.04755  0.004721   0.09172       184       640    0.9659    0.9872    0.9932     0.677   0.02765   0.04724  0.003767
   171/299     6.34G   0.03752   0.04829  0.004615   0.09043       262       640    0.9748    0.9912    0.9943    0.7152   0.02754   0.04672  0.003657
   172/299     6.34G   0.03767   0.04303  0.004464   0.08517       198       640     0.974    0.9813    0.9927    0.6974   0.02849   0.04713  0.003675
   173/299     6.34G   0.03727   0.04751  0.004347   0.08913       168       640    0.9819    0.9842    0.9949     0.711   0.02778   0.04656  0.003643
   174/299     6.34G   0.03733   0.04581  0.004876   0.08802       220       640    0.9849    0.9849    0.9903     0.704   0.02657   0.04685  0.003733
   175/299     6.34G   0.03674   0.04886  0.005195   0.09079       191       640    0.9772    0.9941    0.9953    0.6787   0.02854    0.0466  0.003734
   176/299     6.34G    0.0375   0.05151  0.004351   0.09337       197       640    0.9815    0.9938    0.9953    0.7052   0.02722    0.0465  0.003722
   177/299     6.34G   0.03705   0.04938  0.004825   0.09125       239       640    0.9805    0.9894    0.9949    0.7176   0.02625    0.0461   0.00368
   178/299     6.34G   0.03658   0.04869   0.00469   0.08996       212       640    0.9814    0.9892    0.9944    0.7094   0.02779   0.04697  0.003663
   179/299     6.34G    0.0353   0.04751  0.004148   0.08696       239       640    0.9827    0.9848    0.9942    0.7224   0.02651   0.04629  0.003591
   180/299     6.34G    0.0369   0.04877  0.004535   0.09021       219       640    0.9838    0.9902    0.9948    0.6995   0.02742   0.04634  0.003522
   181/299     6.34G   0.03571   0.04478  0.004064   0.08456       210       640    0.9907    0.9748    0.9945    0.7331   0.02658   0.04582  0.003467
   182/299     6.34G   0.03719    0.0483  0.004218   0.08971       222       640    0.9854    0.9873    0.9949    0.7242    0.0273   0.04589  0.003487
   183/299     6.34G   0.03659   0.04604  0.004227   0.08686       218       640     0.984    0.9882    0.9949    0.6946   0.02752   0.04556  0.003534
   184/299     6.34G   0.03636    0.0451  0.004599   0.08607       209       640    0.9591    0.9879    0.9866    0.7024   0.02653    0.0454   0.00359
   185/299     6.34G   0.03222   0.04722  0.004337   0.08377       248       640    0.9903    0.9892     0.995    0.7253    0.0251   0.04496  0.003534
   186/299     6.34G   0.03411   0.04813  0.004685   0.08692       251       640    0.9918    0.9894     0.995    0.7198   0.02608   0.04526  0.003469
   187/299     6.34G   0.03528   0.04943  0.004412   0.08912       223       640    0.9901    0.9916    0.9951    0.7049   0.02586   0.04484  0.003368
   188/299     6.34G    0.0357   0.04755  0.004353    0.0876       231       640    0.9871    0.9898    0.9949    0.7284   0.02558    0.0446  0.003325
   189/299     6.34G   0.03473   0.04953  0.004181   0.08845       256       640    0.9913    0.9884    0.9947    0.7261   0.02569    0.0445  0.003302
   190/299     6.34G   0.03593   0.04671  0.004417   0.08706       196       640     0.988    0.9848    0.9939    0.7118   0.02595   0.04453  0.003326
   191/299     6.34G   0.03511   0.04295  0.004192   0.08225       210       640    0.9704    0.9879    0.9869    0.7132   0.02609   0.04448  0.003363
   192/299     6.34G   0.03484   0.04869  0.004075   0.08761       253       640    0.9843    0.9886     0.993    0.7329   0.02526   0.04407  0.003431
   193/299     6.34G   0.03394   0.05099   0.00435   0.08928       252       640    0.9909    0.9894    0.9951    0.7371   0.02423   0.04377  0.003435
   194/299     6.34G   0.03295   0.04617   0.00418    0.0833       212       640     0.991    0.9905    0.9951    0.7319   0.02467   0.04412  0.003442
   195/299     6.34G   0.03235   0.04462  0.004177   0.08115       156       640    0.9546     0.993    0.9943    0.7167   0.02474   0.04391  0.003384
   196/299     6.34G   0.03309   0.04112  0.004053   0.07826       173       640    0.9905    0.9925    0.9953    0.7338    0.0249   0.04385  0.003336
   197/299     6.34G   0.03387   0.04558  0.004112   0.08356       226       640    0.9888    0.9922    0.9952    0.7188    0.0246   0.04361  0.003307
   198/299     6.34G   0.03425   0.04587     0.004   0.08412       200       640    0.9936    0.9881    0.9952    0.7398   0.02477   0.04371  0.003352
   199/299     6.34G   0.03334   0.04515  0.004518     0.083       194       640    0.9932    0.9889    0.9952     0.738   0.02405   0.04322  0.003389
   200/299     6.34G   0.03313   0.04726  0.004198   0.08459       231       640    0.9928    0.9888    0.9953    0.7431   0.02459   0.04346  0.003397
   201/299     6.34G   0.03345   0.04709  0.004282   0.08482       237       640      0.99    0.9935    0.9952    0.7455   0.02384   0.04294  0.003345
   202/299     6.34G   0.03251   0.04577  0.004025    0.0823       216       640    0.9904    0.9917    0.9952     0.732   0.02482   0.04317  0.003282
   203/299     6.34G   0.03377   0.04674  0.004167   0.08468       261       640    0.9909    0.9929    0.9952    0.7385   0.02317   0.04279  0.003236
   204/299     6.34G    0.0319   0.04535  0.004199   0.08145       181       640    0.9952    0.9869    0.9952    0.7381   0.02428   0.04344  0.003238
   205/299     6.34G   0.03202   0.04603  0.004283   0.08234       197       640    0.9963    0.9851    0.9952    0.7259   0.02396   0.04285  0.003193
   206/299     6.34G   0.03247   0.04509  0.003983   0.08154       256       640    0.9908    0.9935    0.9952    0.7378   0.02416   0.04285   0.00317
   207/299     6.34G   0.03274   0.04469   0.00383   0.08126       189       640    0.9928    0.9861    0.9951    0.7304   0.02393    0.0425  0.003145
   208/299     6.34G   0.03175   0.04481  0.003958   0.08052       227       640     0.992    0.9916    0.9952    0.7448   0.02318   0.04257  0.003169
   209/299     6.34G    0.0302   0.04521  0.003997   0.07941       210       640     0.991    0.9899    0.9952    0.7481   0.02292    0.0424  0.003165
   210/299     6.34G   0.02986   0.04446  0.004111   0.07842       196       640    0.9876    0.9913    0.9954     0.735   0.02323   0.04237  0.003138
   211/299     6.34G   0.03071   0.04407  0.003921   0.07869       217       640    0.9887     0.992    0.9954     0.739    0.0239   0.04226  0.003079
   212/299     6.34G   0.03202   0.04463  0.004183   0.08084       229       640    0.9855    0.9969    0.9954    0.7358   0.02346   0.04186  0.003052
   213/299     6.34G   0.03231   0.04398  0.003771   0.08006       186       640    0.9792     0.992     0.995    0.7509    0.0238   0.04183  0.003016
   214/299     6.34G   0.03249   0.04497  0.003689   0.08115       247       640    0.9808    0.9928    0.9949    0.7569   0.02359   0.04172  0.003001
   215/299     6.34G   0.03108   0.04361  0.004095   0.07878       178       640    0.9906    0.9929    0.9952    0.7586   0.02286   0.04151  0.002994
   216/299     6.34G   0.03106   0.04234  0.003941   0.07734       196       640    0.9919    0.9946    0.9953     0.764   0.02298    0.0415  0.003037
   217/299     6.34G   0.02985    0.0444  0.004289   0.07854       182       640    0.9905    0.9963    0.9953    0.7714   0.02253    0.0413  0.003031
   218/299     6.34G    0.0302   0.04263  0.003776   0.07661       159       640    0.9912    0.9957    0.9953    0.7673   0.02287   0.04154  0.003046
   219/299     6.34G   0.03003   0.04452   0.00396   0.07851       214       640    0.9924    0.9945    0.9952    0.7606    0.0228   0.04116  0.002967
   220/299     6.34G   0.03059   0.04392  0.003646   0.07815       203       640    0.9923    0.9925    0.9952    0.7591   0.02311   0.04097  0.002932
   221/299     6.34G   0.03226   0.04604  0.003812   0.08211       231       640     0.992    0.9932    0.9952    0.7571   0.02294   0.04089  0.002898
   222/299     6.34G   0.03135    0.0453  0.003711   0.08036       237       640    0.9938    0.9936    0.9953    0.7601    0.0224    0.0409  0.002932
   223/299     6.34G     0.029   0.04169  0.003673   0.07436       152       640    0.9929    0.9935    0.9953    0.7637   0.02235   0.04085   0.00294
   224/299     6.34G    0.0302    0.0483  0.003625   0.08213       216       640     0.993    0.9927    0.9952    0.7645   0.02208   0.04084  0.002948
   225/299     6.34G   0.02947   0.04379  0.003911   0.07717       187       640    0.9933    0.9957    0.9953    0.7674   0.02174   0.04063  0.002927
   226/299     6.34G   0.02893   0.04486  0.003501   0.07729       233       640    0.9937    0.9942    0.9953    0.7624    0.0225   0.04093  0.002933
   227/299     6.34G   0.02981   0.04422  0.004017   0.07804       210       640    0.9903    0.9964    0.9953    0.7632   0.02164   0.04046  0.002926
   228/299     6.34G   0.02896   0.04474  0.003651   0.07735       227       640    0.9928    0.9946    0.9953    0.7547   0.02233   0.04069  0.002935
   229/299     6.34G   0.02912    0.0431  0.003738   0.07595       228       640    0.9932    0.9941    0.9953     0.767   0.02151   0.04036  0.002914
   230/299     6.34G   0.02874   0.04502  0.003625   0.07738       212       640    0.9937    0.9932    0.9953    0.7588   0.02242   0.04062  0.002877
   231/299     6.34G   0.02879   0.04479   0.00346   0.07704       192       640    0.9938    0.9934    0.9953    0.7429   0.02265   0.04042  0.002807
   232/299     6.34G   0.03052   0.04178   0.00398   0.07628       208       640    0.9914    0.9962    0.9953    0.7641   0.02167   0.03993  0.002791
   233/299     6.34G   0.02763   0.04072  0.003357    0.0717       192       640    0.9926    0.9934    0.9952     0.772   0.02185   0.03993  0.002751
   234/299     6.34G   0.02888   0.04602  0.003582   0.07848       216       640    0.9921    0.9968    0.9953    0.7775   0.02188   0.03991  0.002714
   235/299     6.34G    0.0291   0.04521  0.003283   0.07759       197       640     0.992     0.997    0.9953    0.7625   0.02211   0.03991  0.002661
   236/299     6.34G   0.02947   0.04256  0.003289   0.07532       270       640    0.9914    0.9979    0.9953    0.7781   0.02164   0.03964  0.002657
   237/299     6.34G   0.02873   0.03878  0.003151   0.07067       216       640    0.9937    0.9953    0.9953    0.7572   0.02156   0.03969  0.002658
   238/299     6.34G   0.02881   0.04275  0.003218   0.07478       199       640    0.9933    0.9972    0.9953    0.7656   0.02133   0.03953  0.002681
   239/299     6.34G   0.02765   0.04066  0.003218   0.07152       157       640    0.9935     0.997    0.9953    0.7672   0.02154   0.03956  0.002682
   240/299     6.34G   0.02864    0.0425  0.003598   0.07474       177       640    0.9934    0.9968    0.9953    0.7725   0.02128   0.03931  0.002713
   241/299     6.34G   0.02964   0.04221  0.003422   0.07527       201       640    0.9931    0.9966    0.9953    0.7703   0.02158   0.03934  0.002708
   242/299     6.34G   0.03025   0.04423  0.003498   0.07797       226       640    0.9912    0.9959    0.9953    0.7811   0.02134   0.03915  0.002715
   243/299     6.34G   0.02958   0.04295  0.003388   0.07592       227       640    0.9942    0.9909    0.9952     0.767   0.02126   0.03908  0.002729
   244/299     6.34G   0.02897   0.04426  0.003292   0.07652       249       640    0.9934    0.9916     0.995    0.7691   0.02086   0.03911  0.002767
   245/299     6.34G   0.02862   0.04263  0.003502   0.07475       233       640    0.9924    0.9921    0.9951    0.7761   0.02108   0.03919  0.002762
   246/299     6.34G   0.02829   0.04325  0.003547   0.07509       210       640    0.9921    0.9931    0.9951    0.7808   0.02091   0.03902  0.002775
   247/299     6.34G   0.02817   0.04404   0.00361   0.07582       234       640    0.9929    0.9945    0.9952     0.778   0.02051    0.0388  0.002753
   248/299     6.34G   0.02693   0.04067   0.00346   0.07106       208       640     0.994    0.9956    0.9953    0.7865   0.02032   0.03869  0.002725
   249/299     6.34G   0.02641   0.04356  0.003602   0.07358       206       640    0.9945    0.9937    0.9953    0.7918   0.02013   0.03852  0.002663
   250/299     6.34G   0.02524   0.04087  0.003083   0.06919       196       640    0.9941    0.9972    0.9953    0.7924   0.02037   0.03847   0.00261
   251/299     6.34G   0.02661   0.04267  0.003251   0.07253       226       640    0.9954    0.9977    0.9953    0.7951   0.02021   0.03841  0.002552
   252/299     6.34G    0.0269   0.04296  0.002989   0.07285       181       640    0.9955    0.9976    0.9953    0.7864   0.02078   0.03857  0.002515
   253/299     6.34G   0.02728   0.03986  0.003001   0.07013       243       640    0.9935     0.997    0.9953    0.7935   0.02014    0.0382  0.002469
   254/299     6.34G   0.02652   0.04308  0.002956   0.07256       207       640    0.9928    0.9973    0.9953    0.7876   0.02104   0.03874  0.002445
   255/299     6.34G   0.02845   0.04287  0.003069   0.07439       215       640    0.9912    0.9977    0.9953    0.7794   0.02086    0.0387  0.002415
   256/299     6.34G   0.02783   0.04114  0.002773   0.07175       175       640    0.9907    0.9978    0.9953     0.781   0.02095   0.03861  0.002418
   257/299     6.34G   0.02849   0.04215  0.003025   0.07367       235       640    0.9917    0.9946    0.9952     0.786   0.02064   0.03845   0.00242
   258/299     6.34G   0.02823   0.04338  0.003055   0.07466       239       640    0.9927    0.9942    0.9952    0.7874   0.02088    0.0386  0.002454
   259/299     6.34G   0.02765   0.04526   0.00302   0.07594       189       640    0.9914    0.9963    0.9953    0.7837   0.02024   0.03835   0.00248
   260/299     6.34G    0.0273   0.03801  0.003302   0.06861       185       640     0.993    0.9952    0.9953    0.7897   0.02005   0.03828  0.002528
   261/299     6.34G   0.02673     0.045  0.003376    0.0751       232       640    0.9918    0.9967    0.9953    0.7881   0.01989   0.03812   0.00256
   262/299     6.34G    0.0258   0.04133  0.003245   0.07037       197       640    0.9919    0.9972    0.9953    0.7893   0.02023   0.03806  0.002561
   263/299     6.34G   0.02588   0.04114   0.00336   0.07038       262       640    0.9924     0.998    0.9953    0.7903   0.01975   0.03772  0.002541
   264/299     6.34G   0.02634   0.04038  0.003145   0.06986       209       640    0.9931    0.9982    0.9953    0.7882   0.02005   0.03775  0.002522
   265/299     6.34G   0.02564   0.04254  0.003205   0.07139       200       640    0.9941    0.9969    0.9953    0.7874   0.01995   0.03763  0.002485
   266/299     6.34G   0.02641   0.04051  0.002998   0.06991       260       640    0.9936    0.9963    0.9953     0.791   0.01993    0.0376  0.002458
   267/299     6.34G   0.02658   0.04118   0.00295    0.0707       235       640    0.9931    0.9957    0.9953     0.791   0.01967   0.03737  0.002424
   268/299     6.34G   0.02656   0.03913  0.003111    0.0688       200       640    0.9907    0.9964    0.9953    0.7971   0.01989   0.03759  0.002403
   269/299     6.34G   0.02727     0.042   0.00295   0.07222       189       640    0.9944     0.992    0.9953    0.7922   0.01995   0.03753  0.002384
   270/299     6.34G   0.02803   0.04235  0.003211   0.07359       156       640    0.9928    0.9934    0.9953    0.7934   0.01965   0.03741  0.002381
   271/299     6.34G   0.02696   0.04226  0.003005   0.07223       195       640    0.9908    0.9955    0.9953    0.7863   0.01967   0.03741   0.00237
   272/299     6.34G   0.02666   0.04158  0.003089   0.07133       181       640    0.9912     0.993    0.9953     0.797    0.0195    0.0375  0.002373
   273/299     6.34G   0.02598   0.03914  0.002982   0.06809       147       640    0.9917    0.9958    0.9953    0.7794   0.02003   0.03781  0.002363
   274/299     6.34G   0.02748   0.04077  0.003112   0.07136       198       640    0.9901    0.9977    0.9953    0.7977   0.01935   0.03755  0.002377
   275/299     6.34G   0.02663   0.03999  0.003425   0.07004       257       640    0.9928    0.9944    0.9953    0.7932   0.01961   0.03777  0.002385
   276/299     6.34G   0.02625    0.0429  0.002925   0.07208       229       640    0.9929     0.997    0.9953    0.8008   0.01982   0.03777  0.002381
   277/299     6.34G   0.02677   0.03978  0.002861   0.06941       189       640    0.9924    0.9984    0.9953    0.7926   0.01969   0.03764  0.002377
   278/299     6.34G   0.02749   0.04305  0.002951   0.07348       238       640    0.9933    0.9979    0.9953    0.7874   0.01996   0.03776  0.002391
   279/299     6.34G   0.02757   0.04366  0.003247   0.07449       220       640    0.9932    0.9975    0.9953    0.7856   0.01951   0.03751  0.002408
   280/299     6.34G   0.02507   0.03836  0.002833   0.06627       212       640    0.9931    0.9969    0.9953    0.7968   0.01958   0.03748  0.002427
   281/299     6.34G   0.02525   0.04472  0.002928   0.07289       287       640    0.9934    0.9961    0.9954    0.7997   0.01918    0.0372  0.002429
   282/299     6.34G   0.02488   0.03883  0.003141   0.06685       202       640    0.9947    0.9957    0.9954    0.7981   0.01967   0.03747   0.00243
   283/299     6.34G   0.02606   0.04314  0.003152   0.07236       230       640    0.9949    0.9958    0.9954    0.7904   0.01924   0.03713  0.002418
   284/299     6.34G   0.02599   0.04005  0.003009   0.06905       205       640    0.9934     0.997    0.9954    0.8036   0.01938   0.03704  0.002415
   285/299     6.34G   0.02557   0.04129  0.003371   0.07024       177       640    0.9943    0.9968    0.9954    0.7981    0.0189   0.03685  0.002402
   286/299     6.34G   0.02646    0.0398  0.003117   0.06938       231       640    0.9934    0.9973    0.9954    0.7929   0.01924   0.03699  0.002401
   287/299     6.34G   0.02623   0.04044  0.003138    0.0698       181       640     0.993    0.9978    0.9954    0.8064    0.0188   0.03661  0.002385
   288/299     6.34G   0.02673   0.04267  0.003116   0.07251       299       640    0.9924    0.9984    0.9954    0.8088   0.01909   0.03677  0.002384
   289/299     6.34G   0.02613    0.0375  0.002728   0.06635       182       640    0.9938    0.9979    0.9954    0.7968   0.01942    0.0368   0.00237
   290/299     6.34G   0.02542   0.04094  0.002828   0.06919       209       640    0.9941     0.997    0.9954    0.8078   0.01875    0.0364  0.002375
   291/299     6.34G   0.02548   0.03846  0.002885   0.06683       201       640    0.9942    0.9974    0.9954    0.8031   0.01853   0.03629   0.00238
   292/299     6.34G   0.02561   0.04052   0.00313   0.06926       177       640    0.9936    0.9967    0.9954    0.8065    0.0193   0.03673  0.002386
   293/299     6.34G   0.02597   0.04332  0.002827   0.07212       240       640    0.9943     0.996    0.9954    0.8034   0.01865   0.03629  0.002381
   294/299     6.34G   0.02551   0.03885  0.002849   0.06721       192       640    0.9921     0.998    0.9954    0.8089   0.01881    0.0364  0.002387
   295/299     6.34G   0.02458   0.04037  0.002865   0.06781       234       640    0.9921    0.9977    0.9954    0.8049   0.01877   0.03635  0.002374
   296/299     6.34G   0.02647   0.04317  0.003245   0.07289       256       640    0.9931    0.9979    0.9954    0.7992   0.01997   0.03696  0.002372
   297/299     6.34G   0.02673   0.04148  0.002841   0.07105       165       640    0.9936     0.998    0.9954    0.8064   0.01868   0.03631  0.002358
   298/299     6.34G    0.0266   0.04245  0.003064   0.07211       212       640    0.9947    0.9975    0.9954    0.8024   0.01913   0.03646  0.002366
   299/299     6.34G   0.02557   0.04118  0.003139   0.06989       204       640    0.9937    0.9979    0.9954    0.8021   0.01884   0.03614   0.00236
