     0/299     0.99G    0.1208   0.08112   0.06388    0.2658       228       640 0.0007216   0.09913 0.0002258 3.556e-05    0.1188   0.08597   0.06236
     1/299     2.08G    0.1186   0.07785   0.06315    0.2596       217       640 0.0004708   0.04972 7.704e-05 1.245e-05    0.1164   0.08953   0.06172
     2/299     2.08G    0.1162   0.08345   0.06248    0.2621       239       640  0.005307  0.001126 5.337e-05  6.04e-06    0.1139   0.09379    0.0608
     3/299     2.08G     0.115   0.08844    0.0612    0.2647       216       640  0.003439  0.001126 5.706e-05 1.273e-05    0.1117   0.09724   0.05976
     4/299     2.08G    0.1118   0.09462    0.0602    0.2667       218       640  0.000817    0.0512 7.661e-05 1.783e-05    0.1093    0.1006    0.0586
     5/299     2.08G    0.1105   0.09025   0.05838    0.2592       266       640  0.006013  0.002537 0.0005279  6.46e-05    0.1068    0.1037   0.05734
     6/299     2.08G    0.1078   0.08758   0.05742    0.2528       274       640  0.002338   0.04051 0.0007378 0.0001584     0.104    0.1067   0.05592
     7/299     2.08G    0.1061   0.09639    0.0559    0.2584       211       640  0.003969     0.037  0.001614 0.0003492    0.1013    0.1085   0.05441
     8/299     2.08G    0.1033   0.09524   0.05413    0.2527       217       640  0.007299   0.04542  0.003886 0.0007973   0.09799    0.1098   0.05278
     9/299     2.08G    0.1006   0.09623    0.0522    0.2491       225       640    0.1454   0.03303  0.008787  0.001819   0.09427    0.1103   0.05099
    10/299     2.08G   0.09699   0.09698   0.05057    0.2445       165       640    0.1545   0.05197   0.01864  0.003676   0.08994      0.11   0.04904
    11/299     2.08G   0.09228   0.09152   0.04854    0.2323       236       640   0.03723   0.09343   0.02705  0.005561   0.08586    0.1098   0.04698
    12/299     2.08G   0.08848   0.08562   0.04721    0.2213       207       640    0.1802   0.09247   0.03631  0.007605   0.08209    0.1111   0.04481
    13/299     2.08G   0.08572   0.08976   0.04434    0.2198       185       640    0.1888      0.11   0.06024   0.01331   0.07808     0.111   0.04247
    14/299     2.08G   0.08276   0.08471   0.04281    0.2103       207       640     0.701    0.1026    0.0767    0.0169   0.07476    0.1044    0.0401
    15/299     2.08G   0.07869   0.08708   0.03987    0.2056       200       640    0.8421    0.1103   0.09535   0.02092   0.07297    0.1002   0.03804
    16/299     2.08G   0.07594     0.081   0.03742    0.1944       254       640   0.06401    0.2659     0.106   0.02499   0.07165   0.09439   0.03613
    17/299     2.08G   0.07381   0.08093   0.03749    0.1922       195       640    0.2058    0.2875    0.1463   0.03916    0.0673   0.09148   0.03473
    18/299     2.08G   0.07112   0.08012   0.03587    0.1871       208       640    0.2676      0.31    0.1825   0.04728   0.06465   0.08942    0.0336
    19/299     2.08G   0.06982   0.08235   0.03468    0.1868       245       640    0.2919    0.3807    0.2418   0.07593   0.06397   0.08709    0.0326
    20/299     2.08G   0.06934   0.07856   0.03379    0.1817       195       640     0.323    0.3924    0.2562   0.09143   0.06174   0.08505   0.03181
    21/299     2.08G   0.07485    0.0763   0.03331    0.1845       215       640    0.2958    0.3918    0.2296   0.07364   0.07237   0.08102    0.0314
    22/299     2.08G   0.07447   0.07067   0.03302    0.1782       242       640    0.4229    0.3826    0.2118   0.05818   0.06909   0.08032   0.03096
    23/299     2.08G   0.07084   0.07167   0.03258    0.1751       231       640    0.3136    0.4325    0.2763    0.0728   0.06626   0.08043   0.03037
    24/299     2.08G   0.06954   0.06974   0.03112    0.1704       172       640    0.5736     0.339    0.1891    0.0575   0.07346   0.07867    0.0299
    25/299     2.08G    0.0723   0.07011   0.03026    0.1727       161       640    0.5976    0.4131    0.2795   0.08425   0.07106   0.07767   0.02943
    26/299     2.08G   0.07182   0.07042   0.03007    0.1723       224       640    0.5579    0.3782    0.2329   0.05893   0.07371   0.07585   0.02906
    27/299     2.08G   0.07588   0.07075   0.03055    0.1772       254       640    0.5815    0.4163    0.2902   0.08948   0.06555   0.07709   0.02874
    28/299     2.08G   0.06709   0.06581   0.02998    0.1629       173       640    0.5136     0.394      0.22   0.05862   0.06595   0.07727   0.02852
    29/299     2.08G   0.06883   0.06712   0.03084    0.1668       146       640    0.6018    0.4386    0.3165    0.1091   0.06175   0.07717    0.0281
    30/299     2.08G   0.06691   0.07494   0.03041    0.1723       290       640    0.5444    0.4304    0.2334   0.05695   0.07083   0.07767   0.02788
    31/299     2.08G   0.07152   0.07332   0.03025    0.1751       261       640    0.6362    0.4053    0.3251   0.09923   0.06291   0.07542   0.02754
    32/299     2.08G   0.06596   0.07389   0.02906    0.1689       264       640    0.5688    0.3325    0.2536   0.07315    0.0656   0.07545   0.02728
    33/299     2.08G   0.06725   0.07263   0.02893    0.1688       207       640    0.7469    0.2658    0.2883   0.08901   0.06576   0.07392   0.02691
    34/299     2.08G   0.06607   0.06567    0.0281    0.1598       206       640     0.626    0.3817    0.3019   0.09172   0.06323   0.07385   0.02654
    35/299     2.08G   0.06472   0.06859   0.02915    0.1625       241       640    0.4797    0.4444     0.327     0.112   0.06156   0.07343   0.02608
    36/299     2.08G   0.06663   0.06743   0.02768    0.1617       212       640    0.4912    0.4535      0.35    0.1322    0.0647   0.07324   0.02579
    37/299     2.08G   0.06527   0.06871   0.02777    0.1618       241       640    0.6824    0.4355    0.4298    0.1435   0.05606   0.07424   0.02564
    38/299     2.08G   0.06094   0.07318   0.02734    0.1615       249       640    0.4767     0.447    0.3426    0.1021   0.06082   0.07349   0.02535
    39/299     2.08G   0.06528   0.06906   0.02721    0.1616       223       640    0.4793    0.4445    0.3815    0.1422   0.06203   0.07243     0.025
    40/299     2.08G    0.0647   0.06887   0.02597    0.1595       247       640    0.6278    0.4142    0.3438   0.09423    0.0624   0.07113    0.0248
    41/299     2.08G   0.06637   0.06916   0.02661    0.1621       179       640    0.5637    0.4676    0.4259     0.144   0.05897   0.07242   0.02439
    42/299     2.08G   0.06162   0.07013   0.02597    0.1577       216       640    0.6363    0.4372    0.3679    0.1251   0.06129   0.07078   0.02404
    43/299     2.08G   0.06448   0.06611   0.02637     0.157       213       640    0.5544    0.4486    0.4467    0.1586   0.05328   0.07416   0.02391
    44/299     2.08G   0.06078    0.0699   0.02562    0.1563       217       640    0.7204    0.4034    0.4185    0.1402   0.05844   0.07045   0.02328
    45/299     2.08G   0.06497   0.07003   0.02565    0.1607       211       640    0.7053    0.4423     0.435    0.1313   0.05504   0.07208   0.02275
    46/299     2.08G   0.05811   0.06828   0.02316    0.1496       194       640    0.7137    0.3933    0.4288     0.141   0.05389    0.0703   0.02266
    47/299     2.08G   0.06076   0.06488    0.0238    0.1494       213       640    0.7304    0.3755    0.4398    0.1419   0.05606   0.07003     0.022
    48/299     2.08G   0.06007   0.06712   0.02435    0.1515       208       640    0.7107    0.4375    0.4345    0.1685   0.05787   0.06821   0.02177
    49/299     2.08G    0.0619   0.06843   0.02301    0.1533       167       640    0.7051     0.398    0.4277     0.137   0.05275   0.06963   0.02106
    50/299     2.08G   0.05679   0.06706   0.02167    0.1455       222       640    0.7666    0.4243    0.4422     0.127   0.05615   0.06815   0.02088
    51/299     2.08G   0.05846   0.06502   0.02181    0.1453       230       640    0.7366    0.4412    0.4434    0.1607   0.05376   0.06868   0.02006
    52/299     2.08G    0.0614   0.06266   0.02269    0.1467       204       640    0.7668    0.3726    0.4264    0.1701   0.05797   0.06796   0.01984
    53/299     2.08G   0.05802   0.06221   0.02116    0.1414       166       640    0.7636    0.4704     0.501     0.213   0.05171    0.0684   0.01944
    54/299     2.08G   0.05658   0.06458   0.02084     0.142       301       640    0.7467    0.4454    0.4989     0.179   0.05416   0.06855   0.01883
    55/299     2.08G   0.05604   0.06569   0.01996    0.1417       234       640    0.7948    0.4273    0.5094    0.2305   0.05206   0.06687   0.01866
    56/299     2.08G   0.05891   0.06497   0.02006    0.1439       211       640    0.6641    0.5821    0.5268    0.2251   0.05248   0.06749   0.01809
    57/299     2.08G   0.05768    0.0667   0.02053    0.1449       184       640    0.7536    0.4059    0.4564    0.1689   0.05224   0.06705   0.01799
    58/299     2.08G   0.05835   0.06243   0.02068    0.1415       146       640    0.6393    0.5909    0.5053    0.1984   0.05018   0.06701   0.01745
    59/299     2.08G   0.05517   0.06359   0.01966    0.1384       247       640    0.8006    0.4596    0.5346    0.2267   0.05353   0.06619   0.01682
    60/299     2.08G    0.0576   0.06329    0.0186    0.1395       187       640    0.6518    0.5905    0.5646    0.2591   0.05091    0.0672   0.01688
    61/299     2.08G   0.05647   0.07049   0.01918    0.1461       231       640    0.7799    0.4384    0.5491    0.1919   0.05207   0.06667   0.01627
    62/299     2.08G    0.0563   0.06479    0.0193    0.1404       197       640    0.7963    0.4173    0.5007    0.1926   0.04878    0.0664   0.01618
    63/299     2.08G    0.0584   0.06241    0.0176    0.1384       177       640    0.5553    0.5637    0.3393    0.1048   0.07168    0.0643   0.01546
    64/299     2.08G   0.06869   0.06188   0.01854    0.1491       213       640    0.7331    0.3728    0.4696    0.1897   0.06069   0.06439   0.01567
    65/299     2.08G   0.06666   0.06152    0.0169    0.1451       278       640    0.7485     0.403    0.5006     0.197   0.06351   0.06481   0.01535
    66/299     2.08G    0.0669   0.05865   0.01744     0.143       176       640    0.8391    0.3615    0.5294    0.2212   0.05627   0.06559   0.01552
    67/299     2.08G   0.06373   0.06514   0.01852    0.1474       225       640    0.6842    0.5851    0.5703    0.2187   0.05781     0.067   0.01586
    68/299     2.08G    0.0615   0.06209   0.01778    0.1414       211       640    0.8172     0.438    0.5787    0.2392   0.05024   0.06547   0.01545
    69/299     2.08G   0.05714   0.06054   0.01731     0.135       212       640    0.7303    0.5924    0.6396     0.229    0.0518   0.06529   0.01453
    70/299     2.08G   0.05823   0.05986   0.01887     0.137       188       640    0.6378    0.6245    0.5584    0.2075   0.05647    0.0628   0.01462
    71/299     2.08G   0.06189   0.06431   0.01709    0.1433       256       640    0.8027    0.4898    0.6245    0.2551   0.05146   0.06578   0.01434
    72/299     2.08G   0.05834   0.05856   0.01739    0.1343       221       640    0.6668      0.61    0.5673    0.2217   0.04967    0.0649   0.01455
    73/299     2.08G    0.0569   0.06386    0.0169    0.1377       243       640    0.7176    0.5211    0.5219    0.1758    0.0649   0.06336   0.01404
    74/299     2.08G   0.06208   0.06432   0.01636    0.1428       189       640    0.6788    0.6088    0.6216    0.2753   0.04601   0.07033   0.01366
    75/299     2.08G   0.05079   0.05889   0.01625    0.1259       167       640    0.6917    0.5974    0.5794    0.2073   0.05258   0.06413   0.01328
    76/299     2.08G   0.05484    0.0612   0.01624    0.1323       174       640    0.6958    0.5988    0.6465    0.2423   0.05247   0.06273   0.01296
    77/299     2.08G   0.05974   0.06254   0.01532    0.1376       236       640    0.4592    0.7447    0.6318    0.2656    0.0481   0.06485   0.01306
    78/299     2.08G   0.05711   0.06049    0.0149    0.1325       220       640    0.6695    0.5172    0.5543    0.1721   0.05604   0.06182   0.01297
    79/299     2.08G   0.05785   0.05717   0.01594     0.131       186       640    0.6444    0.6115    0.5651    0.2054   0.05136   0.06333   0.01316
    80/299     2.08G   0.05756   0.05918    0.0153     0.132       186       640    0.7815    0.6092    0.7319    0.2865   0.04544   0.06357    0.0126
    81/299     2.08G   0.05398   0.05873   0.01518    0.1279       174       640     0.681     0.606    0.6161    0.2015    0.0471    0.0618   0.01235
    82/299     2.08G   0.05298   0.05839   0.01417    0.1255       153       640    0.4095    0.6975    0.5871    0.1786   0.06712   0.06117   0.01194
    83/299     2.08G   0.06212   0.06285   0.01511    0.1401       209       640    0.8611    0.6114    0.7896    0.3925   0.04335   0.06292   0.01203
    84/299     2.08G   0.05233   0.06229   0.01392    0.1285       231       640    0.7794    0.5819    0.6868    0.2879   0.04946   0.06131   0.01164
    85/299     2.08G   0.05492   0.05969   0.01411    0.1287       210       640    0.5751    0.7441    0.7225    0.2298   0.05096    0.0605   0.01155
    86/299     2.08G   0.05974   0.05466    0.0141    0.1285       224       640    0.5808    0.7154    0.7089    0.2689    0.0552   0.06003   0.01175
    87/299     2.08G   0.05693   0.05773   0.01469    0.1293       266       640    0.5043    0.7665    0.7077    0.2807   0.04472   0.06168   0.01176
    88/299     2.08G     0.047   0.05845   0.01395    0.1194       242       640    0.5964    0.7741    0.7124    0.3101   0.04358   0.06009   0.01179
    89/299     2.08G   0.05542   0.05814   0.01394    0.1275       258       640    0.5515    0.7745    0.6706    0.2611   0.04548    0.0603   0.01091
    90/299     2.08G   0.05125   0.05825   0.01281    0.1223       211       640    0.5788    0.7793     0.768    0.3555   0.04209   0.05989   0.01087
    91/299     2.08G   0.04716   0.06058   0.01437    0.1221       205       640    0.5827    0.7608    0.7246    0.2678   0.04729   0.06004   0.01072
    92/299     2.08G   0.05247   0.05979   0.01277     0.125       225       640    0.4872    0.7891    0.6899    0.3367   0.04489   0.05881   0.01053
    93/299     2.08G   0.05323   0.05905   0.01286    0.1251       222       640    0.6441    0.7607    0.7621    0.3552   0.04147   0.05928   0.01054
    94/299     2.08G   0.04502   0.05745    0.0138    0.1163       207       640    0.6378    0.7629    0.7328     0.393   0.04361    0.0582  0.009967
    95/299     2.08G   0.05336   0.05404   0.01203    0.1194       246       640    0.5914    0.7843    0.7538    0.3086   0.04349   0.05891  0.009956
    96/299     2.08G   0.05012   0.05747   0.01184    0.1194       199       640    0.5619     0.759    0.7333    0.3604   0.04375   0.05929   0.01034
    97/299     2.08G   0.05172   0.05932   0.01178    0.1228       252       640    0.6428    0.7379    0.7869    0.3262   0.05316   0.05823  0.009955
    98/299     2.08G   0.05472   0.05587   0.01216    0.1228       156       640    0.6497    0.7926    0.8011    0.3886   0.04135   0.05894  0.009664
    99/299     2.08G   0.04845   0.05717    0.0113    0.1169       225       640    0.6443    0.8185    0.8304    0.3886   0.04214   0.05868  0.009679
   100/299     2.08G   0.04905   0.05744    0.0114    0.1179       252       640    0.5964    0.8072    0.8065    0.3882    0.0439   0.05838  0.009208
   101/299     2.08G   0.05493   0.05643   0.01179    0.1232       231       640    0.6027    0.8003    0.7902    0.3064    0.0485    0.0593  0.009233
   102/299     2.08G    0.0569   0.05602   0.01139    0.1243       233       640    0.5731    0.7984    0.7521    0.2918   0.04725   0.05967  0.009228
   103/299     2.08G   0.04483   0.06106   0.01089    0.1168       202       640    0.6813    0.8404    0.8392    0.4518   0.03909   0.05716  0.008813
   104/299     2.08G   0.05563   0.05832   0.01086    0.1248       218       640    0.4271    0.8098    0.6329    0.2138    0.0604   0.06008  0.008605
   105/299     2.08G   0.06819   0.06338   0.01179    0.1434       235       640     0.523    0.8106    0.7325    0.3065   0.05154   0.06098  0.009374
   106/299     2.08G    0.0531   0.06253   0.01317    0.1288       204       640    0.5199    0.8919    0.7823    0.3671   0.04536   0.05964  0.009666
   107/299     2.08G   0.04916   0.05693   0.01213    0.1182       162       640     0.597     0.814    0.7717    0.3775   0.04227   0.05941  0.009896
   108/299     2.08G   0.05358   0.06045   0.01205    0.1261       240       640    0.5765    0.8532    0.7912    0.4038   0.04485   0.05825  0.009124
   109/299     2.08G   0.05261   0.05702   0.01119    0.1208       261       640    0.6078     0.888    0.8221    0.4328   0.04267   0.05809  0.008768
   110/299     2.08G   0.05071    0.0554   0.01045    0.1166       188       640    0.7055    0.8907     0.861    0.3567   0.04464   0.05791  0.008084
   111/299     2.08G   0.05334   0.05767   0.01083    0.1218       190       640    0.6045     0.878    0.8067    0.3575   0.04596   0.05887  0.008213
   112/299     2.08G   0.05436   0.05956   0.01045    0.1244       187       640    0.6939    0.9066    0.8742    0.4563   0.04401   0.05866   0.00819
   113/299     2.08G    0.0546     0.065   0.01063    0.1302       200       640    0.6181    0.8764    0.8588    0.3986   0.04532   0.06242  0.008948
   114/299     2.08G   0.05062   0.05919    0.0108    0.1206       244       640    0.7178    0.8379    0.8665    0.3856   0.04154   0.06059   0.01012
   115/299     2.08G   0.04957   0.05715   0.01112    0.1178       193       640    0.6729    0.8764    0.8954    0.4851   0.04116   0.05936  0.008177
   116/299     2.08G   0.04939   0.05797  0.009975    0.1173       187       640    0.6516    0.8788    0.8504    0.4344   0.04296   0.05773   0.00748
   117/299     2.08G    0.0542   0.05667    0.0102    0.1211       202       640    0.5388    0.9077     0.775    0.3251    0.0456   0.05816  0.007577
   118/299     2.08G   0.05313   0.05881   0.01022    0.1222       213       640    0.6396    0.9266    0.8852    0.4589   0.04065   0.05671  0.007559
   119/299     2.08G   0.04796   0.05523  0.009843     0.113       181       640    0.6979    0.8295    0.8216    0.3979   0.04236   0.05689  0.007501
   120/299     2.08G   0.04987   0.05647  0.009209    0.1155       283       640     0.608    0.8813     0.821    0.4066   0.04286   0.05616  0.007219
   121/299     2.08G   0.05105   0.05595  0.009423    0.1164       216       640    0.6992     0.869    0.8758    0.4725   0.04182   0.05711  0.007262
   122/299     2.08G   0.04846   0.05467   0.01008    0.1132       194       640    0.7963    0.9055    0.9031    0.4586   0.04027    0.0556  0.007034
   123/299     2.08G   0.05218   0.05468  0.009291    0.1161       256       640    0.7213     0.837    0.8387    0.3891   0.04488   0.05811  0.007003
   124/299     2.08G   0.05415   0.05673  0.009312    0.1202       213       640    0.7255     0.897    0.8595    0.3988   0.04345   0.05624  0.006877
   125/299     2.08G   0.05277   0.05202  0.009647    0.1144       237       640    0.8304    0.7889    0.8641    0.4108   0.04517   0.05715  0.007322
   126/299     2.08G   0.05119   0.05785  0.009936     0.119       224       640    0.8317    0.9001    0.9343    0.4896   0.03929    0.0564  0.007044
   127/299     2.08G   0.04974    0.0559  0.008742    0.1144       237       640    0.7091    0.9271    0.8732    0.4022   0.04192   0.05695  0.006847
   128/299     2.08G   0.05361   0.05603  0.008689    0.1183       190       640    0.7814     0.925    0.9093    0.4422   0.04308   0.05602  0.006564
   129/299     2.08G   0.05394   0.05509  0.008912    0.1179       236       640    0.6918    0.9031    0.8658    0.4539   0.04169   0.05671  0.006735
   130/299     2.08G   0.04683   0.05717  0.008373    0.1124       193       640    0.7854     0.919    0.9241    0.5229   0.03729   0.05638  0.006522
   131/299     2.08G   0.04606   0.05855  0.008554    0.1132       216       640    0.8428    0.9146    0.9282    0.5112   0.03876   0.05592  0.006548
   132/299     2.08G   0.04779   0.05402  0.008554    0.1104       174       640    0.8366    0.9244    0.9317    0.4508    0.0389   0.05493  0.006366
   133/299     2.08G   0.04836   0.05505  0.008655    0.1121       238       640    0.8001     0.903    0.9273    0.4959   0.03823   0.05468  0.006455
   134/299     2.08G   0.04757   0.05095  0.008304    0.1068       217       640    0.8701    0.9291    0.9401    0.4655   0.03807   0.05459  0.006603
   135/299     2.08G   0.04802   0.05526  0.008933    0.1122       230       640    0.8205    0.9161    0.9131    0.4455   0.03799   0.05534  0.006956
   136/299     2.08G   0.04599   0.05577  0.008821    0.1106       236       640    0.8378    0.9102    0.9243    0.5234   0.03516   0.05364  0.006625
   137/299     2.08G   0.04345   0.05698  0.008632    0.1091       231       640    0.8631    0.8874    0.9276    0.5265    0.0363   0.05432  0.006504
   138/299     2.08G   0.04866   0.05677  0.008098    0.1135       268       640    0.8372     0.917    0.9125    0.4434   0.04192   0.05423   0.00619
   139/299     2.08G   0.05106   0.05549  0.007861    0.1144       229       640    0.8205    0.8683     0.872    0.4924   0.03766   0.05387  0.006133
   140/299     2.08G   0.04639   0.05062  0.008146    0.1052       203       640     0.849    0.8916    0.9291    0.4546   0.03796   0.05399   0.00614
   141/299     2.08G   0.04844     0.053  0.007677    0.1091       238       640    0.8728    0.9023     0.925    0.5006    0.0376   0.05447  0.006029
   142/299     2.08G   0.04842   0.05204   0.00802    0.1085       173       640    0.8902    0.9075     0.958    0.5363   0.03741   0.05343  0.006011
   143/299     2.08G    0.0482   0.05301  0.007186    0.1084       191       640    0.8767    0.9266    0.9504    0.5578   0.03668   0.05446  0.005987
   144/299     2.08G   0.04733     0.053  0.007524    0.1079       197       640    0.9285    0.9306    0.9656    0.5911   0.03583    0.0531  0.005821
   145/299     2.08G   0.04547   0.05322  0.006865    0.1056       229       640      0.91    0.9421    0.9645     0.581   0.03504    0.0529  0.005601
   146/299     2.08G   0.04317   0.05359   0.00726     0.104       208       640    0.9537    0.9258    0.9667    0.5859   0.03396   0.05222  0.005417
   147/299     2.08G   0.04277   0.04937  0.007182   0.09932       176       640    0.9145    0.9167      0.96    0.5738   0.03517   0.05214  0.005225
   148/299     2.08G   0.04464   0.05269  0.006639     0.104       193       640    0.9426    0.8843    0.9507    0.5642   0.03537    0.0517  0.005164
   149/299     2.08G   0.04537   0.05138  0.007334    0.1041       194       640    0.9328     0.919    0.9623    0.5921   0.03447    0.0525  0.005268
   150/299     2.08G   0.04269   0.05396   0.00741    0.1041       237       640     0.887     0.956    0.9593    0.5769   0.03374   0.05234  0.005367
   151/299     2.08G   0.04301   0.05227  0.007182    0.1025       198       640    0.9288    0.9111    0.9589    0.6029   0.03379   0.05153  0.005364
   152/299     2.08G    0.0441   0.04982  0.007091     0.101       238       640     0.862    0.9524     0.941    0.5437   0.03718   0.05176  0.005353
   153/299     2.08G   0.04582   0.05109   0.00686    0.1038       185       640    0.8547    0.9358    0.9508    0.5275   0.03273   0.05149  0.005494
   154/299     2.08G   0.04323   0.05115  0.007415    0.1018       237       640    0.8981     0.935    0.9523    0.5764   0.03383   0.05179  0.005592
   155/299     2.08G   0.04457   0.05536   0.00707     0.107       279       640    0.9259    0.9331    0.9571    0.5714    0.0342   0.05166   0.00549
   156/299     2.08G   0.04251   0.05142   0.00647    0.1004       218       640    0.9517    0.9155    0.9624    0.6059   0.03259   0.05122  0.005417
   157/299     2.08G   0.04133   0.05407  0.006819    0.1022       220       640    0.9547    0.9311     0.967     0.603   0.03222   0.05094  0.005236
   158/299     2.08G   0.04152   0.05177   0.00672       0.1       242       640    0.9525    0.9227    0.9686    0.5785   0.03344   0.05081  0.005018
   159/299     2.08G   0.04319   0.05048  0.006403    0.1001       195       640    0.9419    0.9103    0.9644    0.5946   0.03284   0.05074  0.004864
   160/299     2.08G   0.04404   0.05199   0.00656    0.1026       201       640    0.9755    0.9325    0.9756    0.6296   0.03352   0.05029  0.004879
   161/299     2.08G   0.04252   0.05249  0.006634    0.1016       235       640    0.9726    0.9545    0.9782    0.6479   0.03106   0.05047  0.004953
   162/299     2.08G   0.03941   0.05181  0.006317   0.09753       213       640    0.9852    0.9359    0.9798     0.634   0.03045   0.04927  0.004802
   163/299     2.08G   0.03885   0.05094  0.006358   0.09614       244       640    0.9641    0.9463    0.9759    0.6525   0.03026   0.04901  0.004593
   164/299     2.08G   0.03949   0.05176  0.006179   0.09743       242       640    0.9605    0.9413    0.9738    0.6094   0.03311    0.0501  0.004574
   165/299     2.08G   0.04143    0.0531  0.006274    0.1008       245       640    0.9256    0.9467    0.9604    0.6284   0.03167   0.04958  0.004641
   166/299     2.08G    0.0421   0.05055  0.005974   0.09862       220       640    0.9275    0.9412    0.9586    0.5803   0.03337   0.05108  0.004741
   167/299     2.08G   0.04284   0.05221  0.006474    0.1015       235       640    0.8733    0.9453    0.9677    0.6277   0.03142   0.04984   0.00473
   168/299     2.08G    0.0387   0.05349  0.006582   0.09878       269       640     0.974    0.9549    0.9798    0.6478   0.02952   0.04898  0.004686
   169/299     2.08G   0.03687   0.04689  0.006329   0.09009       195       640    0.9836    0.9534    0.9812    0.6464   0.02942   0.04861  0.004565
   170/299     2.08G   0.03712   0.05014  0.006299   0.09356       187       640    0.9841    0.9488    0.9822    0.6589   0.02923   0.04824  0.004455
   171/299     2.08G    0.0379   0.04752  0.006123   0.09154       206       640    0.9767    0.9387    0.9818    0.6426   0.03008   0.04797  0.004365
   172/299     2.08G   0.03888   0.04922  0.006138   0.09424       259       640    0.9799    0.9546    0.9808    0.6624   0.02962   0.04768  0.004331
   173/299     2.08G   0.03847    0.0509  0.006381   0.09576       270       640    0.9836     0.953    0.9812    0.6776   0.02913   0.04784  0.004343
   174/299     2.08G   0.03592   0.05109  0.006097   0.09311       259       640    0.9865    0.9506    0.9806    0.6654   0.02849   0.04744  0.004351
   175/299     2.08G   0.03631   0.05116  0.006145   0.09361       258       640    0.9781    0.9534    0.9801     0.653   0.02864   0.04736  0.004324
   176/299     2.08G   0.03536   0.04955  0.005751   0.09066       213       640    0.9852    0.9522    0.9819    0.6494   0.02835   0.04702  0.004274
   177/299     2.08G   0.03666   0.04769  0.005811   0.09016       203       640    0.9804    0.9482    0.9821    0.6639   0.02893   0.04761   0.00427
   178/299     2.08G   0.03755   0.05159  0.005648   0.09478       214       640    0.9788    0.9532    0.9829    0.6329   0.02912   0.04747  0.004276
   179/299     2.08G   0.03668   0.04883  0.005795   0.09131       178       640    0.9879    0.9533    0.9844    0.6638   0.02821   0.04737  0.004245
   180/299     2.08G   0.03611   0.04637   0.00599   0.08847       218       640    0.9764    0.9565    0.9832    0.6591    0.0288   0.04721   0.00413
   181/299     2.08G   0.03674   0.05161    0.0056   0.09395       190       640    0.9813    0.9542    0.9847    0.6687   0.02893   0.04717   0.00407
   182/299     2.08G   0.03865   0.04824  0.005683   0.09258       196       640     0.983    0.9465     0.984    0.5926   0.03134   0.04754  0.003984
   183/299     2.08G    0.0403   0.04968  0.005332   0.09532       238       640    0.9778    0.9499    0.9855    0.6551   0.02832   0.04711  0.004034
   184/299     2.08G   0.03752    0.0497  0.005802   0.09302       253       640     0.972    0.9568    0.9823     0.616   0.02863    0.0466  0.004008
   185/299     2.08G   0.03624   0.04735  0.005641   0.08923       217       640    0.9791    0.9512    0.9834     0.665   0.02811   0.04653  0.003953
   186/299     2.08G    0.0367   0.05032   0.00565   0.09267       224       640    0.9765    0.9533    0.9866     0.653    0.0296   0.04675  0.003836
   187/299     2.08G   0.03781   0.04845  0.005606   0.09187       197       640    0.9834    0.9605    0.9874    0.6945   0.02803   0.04609  0.003833
   188/299     2.08G   0.03727   0.04978  0.005622   0.09267       245       640    0.9903    0.9521    0.9872    0.6535   0.02785   0.04614  0.003824
   189/299     2.08G   0.03657   0.04886  0.005253   0.09068       170       640    0.9703    0.9663    0.9879    0.6864   0.02771   0.04598  0.003819
   190/299     2.08G   0.03593   0.04771  0.004958   0.08859       230       640    0.9882    0.9506    0.9887    0.6814   0.02714   0.04561   0.00386
   191/299     2.08G   0.03636   0.04771  0.005302   0.08937       235       640    0.9775    0.9673    0.9886    0.6762   0.02707    0.0462  0.003895
   192/299     2.08G   0.03649   0.04917  0.005894   0.09155       222       640    0.9849    0.9633    0.9891    0.6622   0.02755   0.04573  0.003862
   193/299     2.08G   0.03778   0.04849  0.005089   0.09136       222       640    0.9845    0.9607    0.9882    0.6793   0.02865   0.04611  0.003882
   194/299     2.08G   0.03804   0.04768  0.005151   0.09087       207       640     0.975    0.9718    0.9893     0.678   0.02771   0.04583  0.003918
   195/299     2.08G   0.03746   0.05078  0.005047   0.09328       267       640     0.982    0.9637    0.9892    0.6758   0.02766    0.0462  0.003913
   196/299     2.08G   0.03506   0.04521  0.005172   0.08544       194       640    0.9835    0.9659    0.9894    0.6839   0.02636   0.04526  0.003826
   197/299     2.08G   0.03498   0.04986  0.004988   0.08983       240       640    0.9797    0.9682    0.9903    0.6841   0.02806   0.04569  0.003743
   198/299     2.08G   0.03662   0.04464  0.005041    0.0863       189       640    0.9885    0.9628      0.99    0.6576    0.0277   0.04511  0.003656
   199/299     2.08G   0.03566   0.04455  0.005187    0.0854       203       640    0.9821    0.9667    0.9907    0.7171   0.02567   0.04496  0.003621
   200/299     2.08G   0.03552   0.05037  0.005393   0.09128       251       640    0.9886    0.9598    0.9911    0.6937   0.02671   0.04492   0.00358
   201/299     2.08G   0.03616   0.04815  0.005124   0.08943       185       640     0.978    0.9611    0.9907    0.6833   0.02746   0.04549  0.003552
   202/299     2.08G   0.03851     0.049  0.005287    0.0928       214       640    0.9774    0.9655    0.9909    0.7013    0.0264   0.04484  0.003548
   203/299     2.08G   0.03712   0.04942  0.004893   0.09144       246       640    0.9799    0.9655    0.9908    0.6934   0.02644   0.04512  0.003587
   204/299     2.08G   0.03486   0.04742   0.00469   0.08697       237       640    0.9826    0.9641    0.9899    0.6882   0.02637   0.04487   0.00358
   205/299     2.08G   0.03625    0.0468  0.004858   0.08791       187       640    0.9744    0.9693    0.9899    0.7037   0.02669   0.04484  0.003571
   206/299     2.08G   0.03708   0.04863  0.004866   0.09058       298       640    0.9706    0.9653    0.9891    0.6575   0.02777   0.04506  0.003564
   207/299     2.08G   0.03633   0.05071  0.004793   0.09184       177       640    0.9754    0.9692    0.9896    0.6948   0.02572   0.04464  0.003613
   208/299     2.08G   0.03453   0.04867  0.005459   0.08867       243       640      0.98    0.9642    0.9896    0.6765   0.02641   0.04447  0.003582
   209/299     2.08G   0.03363      0.05  0.004692   0.08832       231       640    0.9799    0.9647    0.9895    0.7144   0.02533   0.04404  0.003524
   210/299     2.08G   0.03386   0.04758  0.004757   0.08619       270       640    0.9804    0.9703    0.9898    0.7217   0.02534   0.04367  0.003437
   211/299     2.08G   0.03366   0.04575  0.004478   0.08389       214       640    0.9834    0.9678      0.99    0.7195   0.02536   0.04367  0.003397
   212/299     2.08G   0.03463   0.04753  0.004962   0.08711       189       640    0.9801    0.9751    0.9902    0.7039   0.02585   0.04384  0.003356
   213/299     2.08G   0.03599   0.04863  0.005077    0.0897       226       640    0.9787    0.9733    0.9904    0.7112   0.02597    0.0439  0.003394
   214/299     2.08G   0.03482   0.04789   0.00458   0.08728       250       640    0.9785    0.9747    0.9904    0.6731   0.02648   0.04405  0.003411
   215/299     2.08G   0.03433   0.04527  0.004387   0.08399       214       640    0.9772    0.9728    0.9908    0.7287   0.02456   0.04363   0.00346
   216/299     2.08G   0.03273   0.04872  0.005117   0.08657       241       640    0.9788    0.9729    0.9914    0.7105   0.02483   0.04337  0.003449
   217/299     2.08G   0.03188   0.04517  0.004564   0.08161       190       640    0.9739    0.9814    0.9919    0.7218   0.02467   0.04326  0.003411
   218/299     2.08G   0.03315   0.04806   0.00508   0.08628       195       640    0.9774    0.9809    0.9922     0.719    0.0247   0.04312  0.003349
   219/299     2.08G   0.02993   0.04323  0.004184   0.07734       242       640    0.9915    0.9736    0.9924    0.7246   0.02422   0.04285  0.003303
   220/299     2.08G    0.0313   0.04806   0.00433   0.08369       264       640    0.9918    0.9744    0.9925    0.7271   0.02472   0.04285  0.003252
   221/299     2.08G   0.03231   0.04443  0.004214   0.08096       223       640    0.9941    0.9729    0.9921    0.7147     0.025   0.04286  0.003213
   222/299     2.08G   0.03337   0.04292  0.004192   0.08048       219       640    0.9781    0.9783    0.9913    0.6908     0.025   0.04264  0.003184
   223/299     2.08G   0.03312   0.04539   0.00447   0.08298       218       640    0.9827    0.9787    0.9914    0.7288   0.02423    0.0425  0.003196
   224/299     2.08G    0.0317   0.04472  0.004571   0.08099       202       640    0.9716    0.9787     0.991    0.7163    0.0246   0.04243  0.003216
   225/299     2.08G   0.03232   0.04678  0.004316   0.08341       215       640    0.9935    0.9732    0.9922    0.7267   0.02422   0.04257  0.003241
   226/299     2.08G   0.03217   0.04448  0.004551    0.0812       204       640    0.9899     0.979    0.9937    0.7383   0.02414   0.04234  0.003239
   227/299     2.08G   0.03238   0.04696  0.004287   0.08363       219       640    0.9932    0.9777    0.9935    0.7317   0.02383   0.04228  0.003229
   228/299     2.08G   0.03112   0.04696  0.004573   0.08265       284       640    0.9889    0.9799    0.9933    0.7432   0.02332   0.04184  0.003191
   229/299     2.08G   0.02977   0.04377  0.004323   0.07786       258       640    0.9914    0.9805    0.9934    0.7458   0.02342   0.04183  0.003152
   230/299     2.08G   0.03067   0.04772  0.004577   0.08297       218       640    0.9924    0.9793    0.9934    0.7343   0.02354   0.04161  0.003107
   231/299     2.08G   0.03085   0.04542  0.004382   0.08065       157       640    0.9862    0.9866    0.9934     0.743   0.02367    0.0416  0.003085
   232/299     2.08G    0.0316   0.04772  0.004505   0.08382       209       640    0.9948    0.9793    0.9934    0.7356   0.02353   0.04161  0.003034
   233/299     2.08G   0.03086   0.04414  0.004584   0.07959       226       640    0.9934    0.9815    0.9936    0.7526   0.02313    0.0413  0.003007
   234/299     2.08G   0.03057   0.04661  0.003786   0.08096       245       640    0.9939    0.9812    0.9936    0.7314   0.02408   0.04149  0.002967
   235/299     2.08G   0.03133   0.04697  0.004164   0.08246       197       640    0.9934    0.9835    0.9941    0.7475   0.02359   0.04149  0.002971
   236/299     2.08G   0.03193   0.04443  0.004153   0.08052       259       640    0.9937     0.984    0.9939    0.7354   0.02356   0.04143  0.002958
   237/299     2.08G   0.03055   0.04538  0.003972    0.0799       233       640     0.992    0.9873    0.9938    0.7486   0.02308   0.04132  0.002966
   238/299     2.08G   0.03061   0.04471  0.004457   0.07978       180       640    0.9943    0.9861    0.9939    0.7466   0.02302    0.0412  0.002934
   239/299     2.08G   0.03028    0.0448  0.003993   0.07908       253       640    0.9932    0.9871    0.9939    0.7507   0.02295   0.04132  0.002933
   240/299     2.08G   0.03063   0.04277  0.004065   0.07746       207       640    0.9922    0.9873     0.994    0.7482   0.02316   0.04114  0.002902
   241/299     2.08G   0.03075   0.04867  0.004303   0.08372       259       640      0.99    0.9905    0.9943     0.756   0.02284     0.041  0.002887
   242/299     2.08G   0.02973   0.04432  0.003893   0.07793       216       640    0.9891    0.9905    0.9945    0.7473   0.02299   0.04096  0.002858
   243/299     2.08G   0.03014   0.04169  0.003739   0.07557       173       640    0.9875    0.9912    0.9945    0.7629   0.02253   0.04062  0.002846
   244/299     2.08G   0.02961   0.04422  0.003989   0.07782       235       640    0.9884    0.9902    0.9945    0.7609   0.02272   0.04062  0.002838
   245/299     2.08G   0.03029   0.04461  0.003761   0.07866       248       640    0.9878    0.9895    0.9945      0.75   0.02287   0.04061  0.002854
   246/299     2.08G    0.0313   0.04777  0.004385   0.08346       228       640    0.9917    0.9832    0.9947    0.7449   0.02244   0.04046  0.002892
   247/299     2.08G   0.02977   0.04405  0.004262   0.07808       232       640    0.9899    0.9891    0.9949    0.7439   0.02265   0.04072  0.002917
   248/299     2.08G   0.02925   0.04531  0.003826   0.07839       206       640    0.9911    0.9894    0.9949     0.751   0.02239   0.04056  0.002914
   249/299     2.08G   0.02969   0.03974  0.003966    0.0734       185       640    0.9907    0.9959     0.995    0.7456   0.02326    0.0411  0.002929
   250/299     2.08G   0.02946   0.04348   0.00399   0.07694       229       640    0.9888    0.9971    0.9951    0.7528   0.02241   0.04057   0.00292
   251/299     2.08G    0.0291   0.04474  0.003543   0.07738       199       640      0.99    0.9968    0.9951    0.7613   0.02229   0.04067  0.002896
   252/299     2.08G   0.02858    0.0423  0.004133   0.07501       173       640    0.9884    0.9973    0.9952     0.764   0.02206    0.0404  0.002872
   253/299     2.08G   0.02815    0.0454  0.003791   0.07734       193       640    0.9879     0.998    0.9951    0.7599   0.02209   0.04039  0.002839
   254/299     2.08G   0.02731   0.04455  0.003833   0.07569       189       640     0.989    0.9979    0.9952    0.7587   0.02192   0.04016  0.002795
   255/299     2.08G   0.02797   0.04468  0.003658   0.07631       248       640    0.9905    0.9973    0.9951    0.7534   0.02189   0.04007  0.002752
   256/299     2.08G   0.02767   0.04367  0.003879   0.07522       214       640    0.9902    0.9957    0.9951    0.7567   0.02186   0.04009  0.002709
   257/299     2.08G   0.02784   0.04381  0.003586   0.07524       194       640    0.9894    0.9969    0.9951    0.7692   0.02183   0.04011  0.002683
   258/299     2.08G   0.02831   0.04357   0.00365   0.07553       258       640    0.9923    0.9948    0.9951    0.7548   0.02231   0.04026  0.002633
   259/299     2.08G   0.03001   0.04418  0.003691   0.07789       230       640     0.992    0.9948    0.9951     0.758   0.02212   0.04015  0.002595
   260/299     2.08G    0.0293    0.0447  0.003612   0.07761       213       640    0.9935    0.9928    0.9952    0.7601   0.02196   0.03995  0.002561
   261/299     2.08G   0.02833    0.0431   0.00351   0.07495       216       640    0.9925    0.9937    0.9952    0.7611    0.0221   0.04005   0.00255
   262/299     2.08G   0.02834   0.04427  0.003383   0.07599       185       640    0.9943    0.9909    0.9952    0.7612   0.02185   0.03962  0.002542
   263/299     2.08G   0.02783   0.04225  0.003321   0.07339       203       640    0.9875    0.9972    0.9952    0.7736   0.02138   0.03944  0.002566
   264/299     2.08G    0.0275   0.04372   0.00356   0.07478       164       640    0.9884    0.9949    0.9952    0.7555    0.0215   0.03938  0.002577
   265/299     2.08G   0.02823   0.04147  0.003649   0.07335       176       640    0.9908    0.9935    0.9953    0.7653    0.0215   0.03939  0.002582
   266/299     2.08G   0.02937   0.04244  0.003777   0.07559       196       640    0.9896    0.9933    0.9953    0.7632   0.02162    0.0394  0.002583
   267/299     2.08G   0.02937   0.04591  0.003688   0.07897       288       640     0.991     0.994    0.9953    0.7743   0.02146   0.03936  0.002587
   268/299     2.08G   0.02896   0.04549  0.003761   0.07821       234       640    0.9879    0.9955    0.9953    0.7629   0.02181   0.03937  0.002569
   269/299     2.08G   0.02943   0.04438  0.003981   0.07779       200       640    0.9888    0.9944    0.9953    0.7747   0.02134   0.03926  0.002572
   270/299     2.08G   0.02935   0.04317  0.003599   0.07612       200       640    0.9882    0.9968    0.9953    0.7642   0.02137   0.03922  0.002565
   271/299     2.08G   0.02851    0.0468  0.003514   0.07882       248       640    0.9871    0.9975    0.9953    0.7701   0.02122   0.03913  0.002562
   272/299     2.08G    0.0276   0.04347  0.003733    0.0748       211       640    0.9913    0.9942    0.9952    0.7679   0.02112   0.03908   0.00254
   273/299     2.08G    0.0289   0.04476  0.003657   0.07731       149       640    0.9915     0.992    0.9953    0.7652   0.02146    0.0392  0.002524
   274/299     2.08G   0.02834    0.0448  0.003565    0.0767       259       640    0.9934    0.9915    0.9953    0.7677    0.0211   0.03893  0.002488
   275/299     2.08G   0.02789   0.04429  0.003479   0.07566       215       640    0.9918    0.9905    0.9953    0.7755   0.02102   0.03887  0.002467
   276/299     2.08G   0.02746   0.04162  0.003238   0.07231       162       640    0.9885    0.9935    0.9953    0.7691   0.02083   0.03874  0.002445
   277/299     2.08G    0.0279   0.04092  0.003443   0.07227       199       640    0.9894    0.9884     0.995    0.7698   0.02161   0.03939  0.002461
   278/299     2.08G   0.02861   0.04521  0.003517   0.07734       238       640    0.9922    0.9893    0.9953    0.7779    0.0208   0.03888  0.002463
   279/299     2.08G    0.0279   0.04059  0.003342   0.07183       237       640    0.9895    0.9916    0.9953    0.7735   0.02121   0.03901   0.00247
   280/299     2.08G   0.02694   0.04081  0.003427   0.07118       219       640    0.9899    0.9923    0.9953    0.7784   0.02087   0.03864  0.002457
   281/299     2.08G   0.02704   0.04334  0.003683   0.07406       261       640    0.9892    0.9967    0.9953    0.7799   0.02126   0.03891  0.002452
   282/299     2.08G   0.02672   0.04012  0.003402   0.07024       206       640    0.9827    0.9979    0.9952    0.7777   0.02076   0.03858  0.002427
   283/299     2.08G   0.02675   0.04099  0.003358    0.0711       214       640    0.9876    0.9933    0.9952    0.7771   0.02135   0.03891  0.002419
   284/299     2.08G   0.02816   0.04333  0.003689   0.07518       211       640    0.9899    0.9916    0.9952    0.7747    0.0209   0.03857  0.002379
   285/299     2.08G   0.02816   0.04108  0.003507   0.07275       249       640    0.9903    0.9906    0.9951    0.7694   0.02125   0.03886  0.002367
   286/299     2.08G   0.02893   0.04022  0.003364   0.07252       208       640    0.9909    0.9898    0.9951    0.7638   0.02093   0.03875  0.002357
   287/299     2.08G   0.02898   0.04172  0.003353   0.07405       233       640     0.981    0.9969    0.9947    0.7756   0.02149   0.03904  0.002371
   288/299     2.08G   0.02955   0.04345  0.003307   0.07631       267       640    0.9884    0.9965    0.9953    0.7689    0.0209   0.03858  0.002377
   289/299     2.08G   0.02825   0.04098   0.00353   0.07277       188       640    0.9905    0.9947    0.9953    0.7917   0.02049   0.03835  0.002395
   290/299     2.08G    0.0267   0.04176  0.003415   0.07188       224       640      0.99    0.9953    0.9953    0.7902   0.02039   0.03827  0.002407
   291/299     2.08G   0.02595   0.04162  0.003261   0.07083       180       640    0.9895    0.9964    0.9953    0.7928   0.02048   0.03837  0.002407
   292/299     2.08G   0.02582   0.04286  0.003336   0.07201       202       640    0.9886    0.9956    0.9953     0.792   0.02029   0.03822  0.002401
   293/299     2.08G   0.02648   0.04142   0.00357   0.07146       255       640    0.9913    0.9913    0.9952    0.7924   0.02054   0.03841  0.002396
   294/299     2.08G    0.0262   0.04065  0.003526   0.07038       193       640    0.9914    0.9923    0.9952    0.7891   0.02038   0.03824  0.002376
   295/299     2.08G   0.02669   0.04305  0.003845   0.07359       233       640    0.9917    0.9937    0.9953    0.7872   0.02058   0.03828  0.002368
   296/299     2.08G   0.02588   0.04117  0.003471   0.07053       256       640    0.9909    0.9929    0.9953    0.7923   0.02005    0.0378  0.002345
   297/299     2.08G   0.02659   0.04316  0.003545    0.0733       228       640    0.9906    0.9925    0.9953    0.7922   0.02016   0.03785  0.002335
   298/299     2.08G   0.02628   0.04214  0.003423   0.07185       193       640     0.994    0.9874    0.9953    0.7798   0.02008   0.03775  0.002325
   299/299     2.08G   0.02763   0.04234  0.003859   0.07382       253       640    0.9937    0.9872    0.9953    0.7911   0.02016    0.0379  0.002327
