     0/299    0.585G    0.1208   0.08109   0.06388    0.2658       228       640  0.002217  0.001344 0.0001508 2.171e-05    0.1175   0.08449    0.0623
     1/299     5.02G    0.1186   0.07778   0.06318    0.2596       217       640  0.003027  0.001344 7.488e-05  1.58e-05    0.1154   0.08753   0.06168
     2/299     5.02G    0.1164   0.08317   0.06256    0.2621       239       640   0.01221  0.003617 0.0002587 2.761e-05    0.1131   0.09121   0.06092
     3/299     5.02G    0.1153   0.08798   0.06134    0.2646       216       640  0.009753  0.002273 0.0002489 7.788e-05    0.1109   0.09456      0.06
     4/299     5.02G    0.1122   0.09418   0.06044    0.2668       218       640  0.008027  0.003617 0.0002352 7.398e-05    0.1085   0.09786   0.05902
     5/299     5.02G     0.111   0.08976   0.05871    0.2595       266       640  0.009588  0.003617 0.0002742  8.55e-05    0.1061    0.1012   0.05789
     6/299     5.02G    0.1085   0.08705   0.05788    0.2534       274       640  0.005963   0.01119 0.0006148 0.0001239    0.1034    0.1044   0.05663
     7/299     5.02G    0.1069   0.09595   0.05648    0.2593       211       640   0.01631  0.009299  0.001225 0.0002937    0.1011    0.1064    0.0554
     8/299     5.02G    0.1047   0.09474   0.05486    0.2543       217       640  0.009645   0.03475  0.003307 0.0007273   0.09861     0.108   0.05406
     9/299     5.02G    0.1026   0.09607   0.05328    0.2519       225       640    0.0175   0.04905  0.006884  0.001731   0.09608    0.1091   0.05267
    10/299     5.02G   0.09989   0.09758   0.05193    0.2494       165       640   0.02202   0.06696   0.01473  0.002928   0.09338    0.1094   0.05123
    11/299     5.02G   0.09693   0.09293   0.05041    0.2403       236       640    0.1667   0.04411    0.0216  0.004463   0.09056    0.1091   0.04971
    12/299     5.02G   0.09424   0.08817   0.04955     0.232       207       640   0.02707    0.1205   0.02874  0.006364   0.08796    0.1088    0.0482
    13/299     5.02G   0.09332   0.09401   0.04751    0.2348       185       640   0.03733   0.07321   0.02785  0.006291   0.08556    0.1099   0.04668
    14/299     5.02G   0.09133    0.0895   0.04633    0.2272       207       640    0.1878    0.0811   0.03529  0.007757    0.0832     0.112   0.04499
    15/299     5.02G   0.08807   0.09433   0.04404    0.2264       200       640    0.1849    0.1105    0.0501   0.01118   0.08039    0.1129   0.04308
    16/299     5.02G   0.08559   0.08863   0.04175     0.216       254       640    0.4425    0.1024    0.0563   0.01225   0.07782    0.1127    0.0412
    17/299     5.02G   0.08255   0.08946   0.04177    0.2138       195       640    0.6166    0.1017   0.08323   0.01974   0.07513     0.112   0.03954
    18/299     5.02G   0.08016   0.08931   0.03986    0.2093       208       640    0.7317    0.1217    0.1009   0.02055   0.07305    0.1108   0.03811
    19/299     5.02G   0.08004   0.09201   0.03861    0.2107       245       640     0.585    0.1987    0.1028   0.02405   0.07092    0.1084   0.03692
    20/299     5.02G   0.07703   0.08861   0.03723    0.2029       195       640    0.7367    0.1818     0.121   0.03089   0.07058    0.1059   0.03589
    21/299     5.02G   0.07677   0.08835   0.03656    0.2017       215       640    0.7197    0.1666    0.1171    0.0294   0.07173    0.1044   0.03526
    22/299     5.02G    0.0772   0.08174   0.03611     0.195       242       640   0.06511    0.4161    0.1122   0.03116   0.07512   0.09912    0.0346
    23/299     5.02G   0.07699   0.08222   0.03518    0.1944       231       640    0.1534    0.3636    0.1603   0.04201   0.07138   0.09856   0.03396
    24/299     5.02G   0.07374    0.0806   0.03396    0.1883       172       640   0.08594    0.4183    0.1315   0.03336    0.0703   0.09856   0.03332
    25/299     5.02G    0.0737    0.0815   0.03284     0.188       161       640    0.4351    0.3606     0.175   0.05488   0.06944    0.0965   0.03265
    26/299     5.02G   0.07628   0.08121   0.03228    0.1898       224       640    0.3076    0.4084    0.2077   0.06586   0.07095    0.0949   0.03214
    27/299     5.02G   0.07859   0.08254   0.03265    0.1938       254       640    0.2952    0.4346    0.2199   0.07729   0.07355   0.09221   0.03176
    28/299     5.02G   0.07363   0.07657   0.03218    0.1824       173       640    0.7511    0.2237    0.2236    0.0647   0.06724   0.09396   0.03143
    29/299     5.02G    0.0697   0.08026   0.03264    0.1826       146       640    0.3553    0.4662    0.2109   0.08117   0.06479   0.09485   0.03111
    30/299     5.02G   0.07234   0.08683   0.03245    0.1916       290       640    0.5228     0.453    0.2397   0.08878   0.06378   0.09378   0.03079
    31/299     5.02G   0.07156   0.08605   0.03199    0.1896       261       640    0.5709    0.3925    0.2061   0.07178   0.06955   0.09118   0.03055
    32/299     5.02G   0.07034   0.08542   0.03086    0.1866       264       640    0.6001    0.3902    0.2476   0.08677   0.06171   0.09162   0.03023
    33/299     5.02G   0.07023   0.08374   0.03077    0.1847       207       640    0.5544    0.4535    0.2635   0.09644    0.0612   0.09064   0.02992
    34/299     5.02G   0.06917   0.07594   0.02987     0.175       206       640    0.6862    0.2704    0.1768     0.054   0.06613   0.08792   0.02965
    35/299     5.02G   0.06795   0.08021   0.03089     0.179       241       640    0.5732    0.4264    0.2483    0.1026   0.06137   0.08957   0.02934
    36/299     5.02G   0.06786   0.07868   0.02967    0.1762       212       640    0.5948    0.3985    0.2935    0.1224   0.05989   0.08833    0.0291
    37/299     5.02G   0.07061    0.0792   0.02964    0.1794       241       640    0.5978    0.3991    0.2869    0.1141   0.06192   0.08729    0.0289
    38/299     5.02G   0.06873   0.08446   0.02935    0.1825       249       640    0.5885    0.4018    0.2722    0.1033   0.06544   0.08685   0.02882
    39/299     5.02G   0.07083   0.07978   0.02908    0.1797       223       640    0.6137    0.3777    0.2945    0.1164   0.06064   0.08742   0.02859
    40/299     5.02G   0.06629   0.07984   0.02774    0.1739       247       640    0.6333     0.364    0.2807   0.07709   0.06411   0.08524   0.02844
    41/299     5.02G   0.07169   0.07961   0.02868      0.18       179       640    0.2511    0.5795    0.3448     0.134   0.06065   0.08576   0.02807
    42/299     5.02G    0.0659   0.08154   0.02799    0.1754       216       640    0.6119    0.3984    0.3095    0.1146   0.06462   0.08366   0.02781
    43/299     5.02G   0.06709   0.07568    0.0285    0.1713       213       640    0.4103    0.5801    0.3526    0.1387   0.06057   0.08523   0.02769
    44/299     5.02G   0.06491    0.0806   0.02813    0.1736       217       640    0.6621    0.3929    0.3736    0.1444   0.05617   0.08519   0.02733
    45/299     5.02G   0.06673   0.08165   0.02826    0.1766       211       640    0.5568    0.3448    0.2808   0.09465   0.05732   0.08391    0.0271
    46/299     5.02G   0.06306   0.07889   0.02583    0.1678       194       640    0.6015    0.4516    0.3482    0.1301    0.0591   0.08289   0.02705
    47/299     5.02G   0.06548   0.07468   0.02688     0.167       213       640    0.6921     0.391    0.3938    0.1033   0.05593   0.08508   0.02689
    48/299     5.02G   0.06278   0.07739   0.02717    0.1673       208       640    0.6438    0.3933    0.3662    0.1341   0.05897   0.08118   0.02647
    49/299     5.02G   0.06737   0.07914   0.02608    0.1726       167       640    0.3277    0.5602    0.3322    0.1105    0.0597   0.08159    0.0261
    50/299     5.02G   0.06245   0.07815    0.0252    0.1658       222       640    0.6476    0.4646    0.3934    0.1574   0.05718   0.08052   0.02584
    51/299     5.02G   0.06462   0.07455    0.0254    0.1646       230       640    0.5027    0.5689    0.3518   0.07759   0.05919   0.08049   0.02545
    52/299     5.02G    0.0629    0.0736   0.02658    0.1631       204       640    0.6311    0.4527    0.3939    0.1443   0.05701   0.08021   0.02513
    53/299     5.02G    0.0639   0.07103   0.02506      0.16       166       640    0.7412    0.4049    0.4607    0.1823   0.05603   0.08036   0.02472
    54/299     5.02G   0.06157   0.07432    0.0251     0.161       301       640    0.6464    0.4152    0.3748    0.1016   0.05892   0.07945   0.02453
    55/299     5.02G   0.06436   0.07447   0.02452    0.1633       234       640    0.7169    0.4272    0.4601    0.1819   0.05505   0.08002   0.02407
    56/299     5.02G   0.05978   0.07651   0.02409    0.1604       211       640    0.4348    0.5742    0.4314    0.1601   0.05371   0.07981   0.02362
    57/299     5.02G   0.06267   0.07673   0.02487    0.1643       184       640    0.5817    0.5291    0.4539    0.1513   0.05389   0.07973   0.02338
    58/299     5.02G   0.06155   0.07289   0.02474    0.1592       146       640    0.5751    0.5518    0.4061    0.1182   0.06217   0.07808   0.02317
    59/299     5.02G   0.06538   0.07218   0.02399    0.1615       247       640    0.6588    0.5178    0.4541    0.1494   0.05528   0.07904   0.02266
    60/299     5.02G   0.05816   0.07423   0.02291    0.1553       187       640    0.6665    0.5273    0.5076    0.2178   0.05118   0.07997   0.02227
    61/299     5.02G   0.05948   0.08022   0.02357    0.1633       231       640      0.56    0.5431    0.4201    0.1309   0.05668   0.07736   0.02175
    62/299     5.02G    0.0623   0.07384   0.02351    0.1597       197       640    0.5688    0.5652    0.4459    0.1637   0.05332   0.07809   0.02169
    63/299     5.02G   0.06496   0.07169   0.02155    0.1582       177       640    0.6639    0.4912    0.4455    0.1258   0.05428   0.08167    0.0214
    64/299     5.02G    0.0661   0.07188   0.02246    0.1604       213       640    0.6208    0.4806    0.4188    0.1416   0.05656   0.07751   0.02131
    65/299     5.02G    0.0671   0.07124    0.0211    0.1594       278       640    0.6891    0.5128    0.4734     0.162   0.05538   0.07787   0.02129
    66/299     5.02G    0.0654   0.06769   0.02145    0.1545       176       640    0.5581    0.4549    0.4362     0.134   0.05675   0.07769   0.02127
    67/299     5.02G   0.06464   0.07512   0.02223     0.162       225       640    0.6094    0.4874    0.3796    0.1057   0.05737   0.07653   0.02063
    68/299     5.02G   0.06643   0.07042   0.02144    0.1583       211       640    0.6403     0.517    0.4436     0.157   0.05414   0.07722   0.02022
    69/299     5.02G   0.06308   0.06982   0.02094    0.1538       212       640    0.6751    0.4952    0.4699    0.2041   0.05456   0.07594   0.01994
    70/299     5.02G   0.06099   0.06972   0.02233     0.153       188       640    0.6136    0.4197    0.3649   0.08262   0.07034   0.07305   0.02015
    71/299     5.02G   0.06827   0.07565   0.02052    0.1644       256       640    0.6621    0.5177    0.5406    0.2286   0.05154   0.08216   0.01921
    72/299     5.02G   0.05884   0.07059   0.02044    0.1499       221       640    0.5863    0.5623    0.5068    0.1549   0.05508   0.07589   0.01922
    73/299     5.02G   0.05787   0.07422   0.02017    0.1523       243       640    0.7035    0.5421    0.5644    0.1795   0.05469   0.07632   0.01862
    74/299     5.02G   0.06453   0.07081   0.01951    0.1549       189       640    0.7062    0.5551    0.5452    0.2261   0.05423   0.07618   0.01869
    75/299     5.02G   0.06298   0.06494   0.02002    0.1479       167       640    0.6401    0.6055    0.5415    0.2281   0.05744   0.07495   0.01839
    76/299     5.02G   0.06238    0.0693   0.02012    0.1518       174       640    0.6996    0.5157    0.5248    0.2213   0.05172    0.0748   0.01844
    77/299     5.02G   0.06112   0.07175   0.01893    0.1518       236       640    0.7442    0.5244    0.5897    0.2787   0.05217   0.07429   0.01801
    78/299     5.02G   0.06049   0.06958   0.01845    0.1485       220       640    0.5127    0.6242    0.4558     0.123   0.05862   0.07273   0.01771
    79/299     5.02G   0.05994   0.06624   0.01939    0.1456       186       640    0.6611    0.5493    0.5207    0.1606   0.06122   0.07241   0.01761
    80/299     5.02G   0.06307   0.06793    0.0186    0.1496       186       640    0.7737    0.5402    0.6259    0.3153   0.04878   0.07363   0.01745
    81/299     5.02G   0.05709   0.06698   0.01854    0.1426       174       640    0.6265    0.5538    0.5523    0.2076   0.05362   0.07182   0.01694
    82/299     5.02G   0.05759   0.06734   0.01747    0.1424       153       640    0.6051    0.5411    0.5219    0.2044   0.05629    0.0711   0.01698
    83/299     5.02G   0.06151   0.07088   0.01869    0.1511       209       640    0.8102    0.5469    0.6862    0.3302    0.0492   0.07124   0.01672
    84/299     5.02G   0.05889   0.07069   0.01678    0.1464       231       640    0.6495    0.5779     0.624     0.217   0.05479   0.07161   0.01644
    85/299     5.02G    0.0575   0.06967   0.01771    0.1449       210       640    0.7931    0.4822    0.6285    0.2326   0.05502   0.07018   0.01629
    86/299     5.02G   0.06121   0.06344    0.0173     0.142       224       640     0.831     0.498    0.6767    0.2934   0.05101   0.07102   0.01595
    87/299     5.02G    0.0571   0.06816   0.01764    0.1429       266       640    0.6501     0.614    0.6555    0.2829   0.04679   0.07155   0.01565
    88/299     5.02G    0.0542   0.06788   0.01735    0.1394       242       640    0.6334    0.6962    0.6949    0.3004   0.04693   0.07058   0.01556
    89/299     5.02G   0.05758   0.06766   0.01732    0.1426       258       640    0.7445     0.621    0.7206    0.3377   0.04664   0.07187    0.0153
    90/299     5.02G   0.05365    0.0683   0.01582    0.1378       211       640     0.689     0.714    0.7561    0.3597    0.0453   0.07051   0.01531
    91/299     5.02G   0.05455   0.07023   0.01751    0.1423       205       640    0.6619    0.6808    0.7014    0.2959   0.05042   0.07067   0.01535
    92/299     5.02G   0.05618   0.07008   0.01612    0.1424       225       640    0.8248      0.59    0.7661    0.3772   0.04471   0.07042   0.01483
    93/299     5.02G   0.05454    0.0693   0.01597    0.1398       222       640    0.6487    0.6967    0.7073    0.2674   0.04638   0.06907   0.01498
    94/299     5.02G   0.05372   0.06633   0.01755    0.1376       207       640    0.6663    0.6718    0.7091    0.2612   0.05672   0.06743   0.01464
    95/299     5.02G   0.05864   0.06489   0.01581    0.1394       246       640    0.8725    0.6122    0.8134     0.425   0.04197   0.06992   0.01444
    96/299     5.02G   0.04976    0.0677   0.01491    0.1324       199       640    0.9103    0.5934    0.8117    0.3741    0.0459   0.07043     0.014
    97/299     5.02G   0.05176   0.07039   0.01455    0.1367       252       640    0.6446    0.7024    0.7293    0.3372    0.0489   0.06776   0.01367
    98/299     5.02G   0.05685   0.06313   0.01492    0.1349       156       640    0.8628    0.6026    0.7971    0.4131   0.04356    0.0683   0.01369
    99/299     5.02G   0.05029    0.0663   0.01442     0.131       225       640    0.6707    0.7323    0.7557    0.3861   0.04499   0.06699    0.0135
   100/299     5.02G   0.05488   0.06668   0.01471    0.1363       252       640    0.6811    0.7154    0.7204    0.3133   0.05417   0.06593   0.01342
   101/299     5.02G   0.05922   0.06522   0.01493    0.1394       231       640    0.8351    0.6271    0.7977    0.4267   0.04408   0.06891   0.01364
   102/299     5.02G   0.05312   0.06555   0.01445    0.1331       233       640     0.829    0.6056    0.7665     0.375   0.04688   0.06717    0.0132
   103/299     5.02G   0.05055   0.07063   0.01358    0.1348       202       640    0.7709    0.7245    0.8461      0.44   0.04195   0.06637   0.01291
   104/299     5.02G   0.06416   0.06582   0.01396    0.1439       218       640    0.5619    0.4868    0.5037    0.1615    0.0725   0.06761   0.01322
   105/299     5.02G    0.0801   0.06821   0.01581    0.1641       235       640    0.7253    0.4552    0.6414    0.3014   0.06393   0.06629   0.01465
   106/299     5.02G   0.05973    0.0722   0.01751    0.1494       204       640    0.7658    0.6259    0.7829    0.4114   0.04926   0.06942   0.01531
   107/299     5.02G   0.05813   0.06425   0.01645    0.1388       162       640    0.6196    0.7446    0.7682    0.3049   0.05185   0.06694   0.01481
   108/299     5.02G   0.05825   0.07063   0.01657    0.1455       240       640    0.8218    0.5192    0.7418    0.3583   0.04618   0.06662   0.01401
   109/299     5.02G   0.05981   0.06632   0.01548    0.1416       261       640    0.5657    0.7775    0.6918    0.2763   0.05173   0.06585   0.01301
   110/299     5.02G   0.05898   0.06278   0.01367    0.1354       188       640    0.6967    0.7437    0.7587    0.3842   0.04508   0.06583   0.01233
   111/299     5.02G   0.05685   0.06627   0.01443    0.1376       190       640     0.609    0.7811     0.776    0.3544   0.04934    0.0664   0.01243
   112/299     5.02G   0.05757    0.0666   0.01378     0.138       187       640    0.6837    0.7894    0.7957     0.325   0.04784   0.06614   0.01234
   113/299     5.02G   0.05952   0.06946    0.0136    0.1426       200       640    0.5923    0.7884    0.7321    0.4009   0.04749   0.06621   0.01249
   114/299     5.02G   0.05751   0.06348   0.01377    0.1348       244       640    0.6073    0.7815     0.724    0.2904   0.04842   0.06609   0.01203
   115/299     5.02G   0.05624   0.06459   0.01458    0.1354       193       640    0.7525    0.7629     0.849    0.4262   0.04513    0.0658   0.01213
   116/299     5.02G   0.05454    0.0666   0.01414    0.1353       187       640    0.6116    0.8071    0.8063    0.3781   0.04336   0.06498   0.01224
   117/299     5.02G    0.0526    0.0652   0.01397    0.1318       202       640    0.6675    0.7843     0.814    0.4014    0.0431   0.06449   0.01205
   118/299     5.02G   0.05548   0.06697   0.01374    0.1362       213       640     0.626    0.7987    0.7813    0.3749   0.04799   0.06394   0.01168
   119/299     5.02G   0.05798    0.0642    0.0138     0.136       181       640    0.6238    0.7832    0.7856    0.3645   0.04562   0.06456   0.01161
   120/299     5.02G   0.05677   0.06641   0.01333    0.1365       283       640    0.6572    0.7527     0.763    0.3618   0.04779   0.06415   0.01145
   121/299     5.02G   0.05517   0.06638    0.0134    0.1349       216       640     0.894    0.6364    0.8008    0.3736   0.04377   0.06448   0.01133
   122/299     5.02G   0.05509   0.06211   0.01366    0.1309       194       640    0.5539    0.8525    0.8009    0.4283   0.04631   0.06423   0.01136
   123/299     5.02G    0.0586   0.06059   0.01251    0.1317       256       640    0.7221    0.8164    0.8689    0.5025    0.0485   0.06318    0.0111
   124/299     5.02G   0.05912   0.06261   0.01285    0.1346       213       640    0.7826     0.812    0.9002    0.4648   0.04586   0.06282   0.01062
   125/299     5.02G   0.05352   0.06085   0.01326    0.1276       237       640    0.6791    0.8516    0.8861     0.443    0.0454    0.0633   0.01074
   126/299     5.02G   0.05605   0.06634   0.01324    0.1356       224       640    0.6772    0.8526    0.8256    0.4133   0.04581   0.06358   0.01091
   127/299     5.02G   0.05617   0.06467   0.01296    0.1338       237       640    0.7606    0.7997    0.8723    0.4735   0.04417   0.06312   0.01093
   128/299     5.02G   0.05702   0.06381   0.01339    0.1342       190       640    0.6674    0.7873    0.7964    0.3067   0.04419   0.06273   0.01088
   129/299     5.02G   0.05357   0.06259   0.01331    0.1295       236       640    0.7753    0.7595    0.8302    0.3815   0.04227   0.06304   0.01028
   130/299     5.02G   0.05449   0.06449   0.01199     0.131       193       640    0.5778     0.839    0.7641     0.373   0.04519   0.06219   0.01002
   131/299     5.02G   0.05526   0.06671   0.01267    0.1346       216       640    0.6977    0.8517    0.8421    0.4146   0.04286   0.06203   0.01015
   132/299     5.02G   0.05387   0.06146   0.01226    0.1276       174       640    0.7498    0.7994    0.8479    0.4045   0.04256   0.06219  0.009958
   133/299     5.02G   0.04935   0.06435   0.01269    0.1264       238       640     0.773    0.8692    0.8896    0.4937   0.04019   0.06169  0.009772
   134/299     5.02G   0.04856   0.05898   0.01132    0.1189       217       640     0.831     0.791    0.8956    0.4537   0.03975   0.06161  0.009685
   135/299     5.02G   0.04984   0.06603   0.01118    0.1271       230       640     0.763    0.8689    0.8974    0.5002   0.03971   0.06184  0.009224
   136/299     5.02G   0.05162   0.06636   0.01088    0.1289       236       640    0.8837    0.8289    0.9162    0.4658   0.04122   0.06224   0.00901
   137/299     5.02G   0.05142   0.06733    0.0113      0.13       231       640    0.7953    0.9147    0.9329    0.5279   0.03875    0.0613  0.008925
   138/299     5.02G   0.05075     0.066   0.01115    0.1279       268       640     0.793    0.8502    0.8815    0.3958   0.04182   0.06166  0.008591
   139/299     5.02G   0.05162   0.06418   0.01153    0.1273       229       640    0.8186    0.7745    0.8477    0.4555   0.04153   0.06089  0.008588
   140/299     5.02G   0.05086   0.05741   0.01125    0.1195       203       640    0.8307    0.8001    0.8782    0.4594   0.04043   0.06111  0.008508
   141/299     5.02G   0.04921   0.06251     0.011    0.1227       238       640    0.8583     0.836    0.9107    0.4797   0.03739   0.06104  0.008369
   142/299     5.02G   0.04571   0.05982    0.0107    0.1162       173       640    0.8751    0.8313     0.933    0.5389   0.03656   0.06035  0.008308
   143/299     5.02G   0.04521   0.06198  0.009719    0.1169       191       640    0.7763    0.9012     0.907    0.5303   0.03854    0.0605  0.008104
   144/299     5.02G   0.04806   0.06097   0.01001     0.119       197       640    0.8251    0.8953    0.9346    0.5194   0.03826   0.05947  0.007922
   145/299     5.02G   0.04911   0.06225  0.009278    0.1206       229       640    0.8453    0.8922    0.9396    0.4865   0.03905    0.0603  0.007739
   146/299     5.02G   0.04786   0.06339   0.01026    0.1215       208       640    0.8202    0.9107    0.9408    0.5361   0.03656   0.05991  0.007696
   147/299     5.02G   0.04496   0.05853   0.01022    0.1137       176       640     0.847    0.8745     0.933    0.5566   0.03639    0.0597  0.007674
   148/299     5.02G   0.04677   0.06158  0.009217    0.1176       193       640    0.7198    0.8942     0.874    0.5272   0.03876   0.05955   0.00754
   149/299     5.02G   0.04945   0.05968  0.009934    0.1191       194       640    0.8113    0.8928    0.9402    0.5413    0.0367    0.0592  0.007505
   150/299     5.02G   0.04621   0.06309  0.009828    0.1191       237       640     0.761    0.8674    0.9147    0.5119    0.0374   0.05941  0.007368
   151/299     5.02G   0.04659   0.06176  0.009722    0.1181       198       640    0.8476    0.9016     0.932    0.5372   0.03596    0.0587  0.007375
   152/299     5.02G   0.04629    0.0583  0.009367     0.114       238       640    0.8608    0.8803    0.9242     0.539   0.03761   0.05914  0.007333
   153/299     5.02G   0.04918   0.05949  0.008842    0.1175       185       640    0.8197    0.8509    0.8988    0.5059   0.03943   0.05844  0.007363
   154/299     5.02G   0.05197   0.05848  0.009288    0.1197       237       640    0.8049    0.7891    0.8887    0.5558    0.0385   0.05903  0.007145
   155/299     5.02G   0.04813   0.06394  0.009253    0.1213       279       640    0.8618    0.9003    0.9581    0.5698   0.03638    0.0591   0.00705
   156/299     5.02G   0.04629   0.05998  0.008567    0.1148       218       640    0.8772    0.8904    0.9493    0.5414   0.03567   0.05879  0.007106
   157/299     5.02G   0.04505   0.06433  0.009061    0.1184       220       640    0.8539    0.9116    0.9587     0.582   0.03647   0.05824  0.006967
   158/299     5.02G   0.04678   0.06208  0.009492    0.1184       242       640    0.8524    0.9073    0.9551    0.5183   0.03691   0.05881  0.006934
   159/299     5.02G    0.0474    0.0599  0.008813    0.1161       195       640    0.8513    0.9162    0.9581     0.581   0.03608   0.05691  0.006748
   160/299     5.02G   0.04787   0.06134  0.009344    0.1186       201       640    0.8257    0.9224    0.9482    0.4987   0.03832   0.05798  0.006442
   161/299     5.02G   0.04795   0.06191  0.008673    0.1185       235       640     0.886    0.8594    0.9523     0.536   0.03648   0.05698  0.006372
   162/299     5.02G   0.04598   0.06027  0.008856    0.1151       213       640    0.9269    0.8364     0.958     0.516   0.03592    0.0572  0.006209
   163/299     5.02G   0.04485   0.06056   0.00869    0.1141       244       640     0.918    0.8532    0.9607    0.5933   0.03464   0.05647  0.006047
   164/299     5.02G   0.04372   0.06097   0.00878    0.1135       242       640    0.9393    0.8542    0.9721    0.5827   0.03531   0.05625  0.005953
   165/299     5.02G   0.04495   0.06217  0.008601    0.1157       245       640    0.8845    0.8952    0.9773     0.588   0.03455   0.05582  0.005937
   166/299     5.02G   0.04455   0.05904  0.008025    0.1116       220       640    0.9023    0.8871    0.9627    0.5433   0.03524   0.05617  0.005897
   167/299     5.02G   0.04518    0.0601  0.008347    0.1136       235       640    0.9092    0.8953    0.9828    0.5917    0.0343    0.0562  0.005988
   168/299     5.02G   0.04519   0.06314  0.008893    0.1172       269       640    0.8965    0.9243    0.9808    0.5492   0.03495   0.05692   0.00603
   169/299     5.02G   0.04417   0.05652  0.008659    0.1093       195       640    0.8874    0.9083    0.9673     0.593   0.03386   0.05605  0.006052
   170/299     5.02G   0.04519   0.05948  0.008511    0.1132       187       640    0.9037    0.9226    0.9778    0.5491   0.03531   0.05614  0.005949
   171/299     5.02G   0.04517   0.05672  0.008431    0.1103       206       640    0.9089    0.9267    0.9827    0.6085   0.03351     0.055  0.005921
   172/299     5.02G   0.04474   0.05812  0.008598    0.1115       259       640    0.8971    0.9412     0.977    0.5997   0.03379   0.05509  0.005828
   173/299     5.02G   0.04499   0.06118  0.008616    0.1148       270       640    0.9231    0.9278    0.9856    0.6143   0.03308   0.05417  0.005803
   174/299     5.02G     0.044   0.06101  0.008395    0.1134       259       640    0.9222    0.9132    0.9836    0.5884   0.03341   0.05479   0.00559
   175/299     5.02G    0.0439   0.06104  0.008557    0.1135       258       640    0.9184    0.9219    0.9854    0.6118   0.03208   0.05414  0.005509
   176/299     5.02G   0.04258   0.05967  0.008049    0.1103       213       640    0.9256    0.9325    0.9887    0.6105   0.03262   0.05429  0.005478
   177/299     5.02G   0.04352   0.05858  0.007972    0.1101       203       640    0.8926    0.9309    0.9698    0.6036   0.03252   0.05422  0.005502
   178/299     5.02G    0.0432   0.06185  0.007612    0.1127       214       640    0.9289    0.9338    0.9873    0.6152    0.0328    0.0544  0.005422
   179/299     5.02G   0.04248   0.05889   0.00763     0.109       178       640    0.9088    0.9488    0.9891    0.6111   0.03214   0.05424  0.005366
   180/299     5.02G   0.04265   0.05628  0.008083     0.107       218       640    0.9429    0.9097     0.988    0.6321   0.03175   0.05458  0.005203
   181/299     5.02G   0.04123   0.06198  0.007456    0.1107       190       640    0.9241    0.9379    0.9884    0.6297   0.03214   0.05414  0.005065
   182/299     5.02G   0.04274   0.05728   0.00768    0.1077       196       640    0.9277    0.9303    0.9886     0.593    0.0329   0.05429  0.005048
   183/299     5.02G   0.04298   0.05809  0.007243    0.1083       238       640    0.9267    0.9321    0.9877    0.6112    0.0316   0.05341  0.005147
   184/299     5.02G   0.04281   0.05845  0.008103    0.1094       253       640    0.9282    0.9377     0.988    0.6055   0.03144   0.05352  0.005291
   185/299     5.02G   0.04245   0.05616   0.00786    0.1065       217       640    0.9262    0.9321    0.9882    0.6158   0.03162   0.05315  0.005447
   186/299     5.02G   0.04348   0.06077  0.007912    0.1122       224       640    0.9495    0.9215    0.9855    0.6344   0.03206   0.05351  0.005127
   187/299     5.02G    0.0425   0.05795  0.008237    0.1087       197       640    0.9334     0.941    0.9901    0.6257   0.03159   0.05305  0.005001
   188/299     5.02G   0.04383   0.05907  0.007883    0.1108       245       640    0.9178     0.944    0.9877    0.6251   0.03212   0.05333  0.004964
   189/299     5.02G   0.04372   0.05895  0.007216    0.1099       170       640    0.9288    0.9413    0.9907    0.6375   0.03117   0.05288  0.005006
   190/299     5.02G   0.04319   0.05773  0.006892    0.1078       230       640     0.903    0.9678    0.9894    0.6334   0.03167   0.05311  0.005007
   191/299     5.02G   0.04243   0.05714  0.007169    0.1067       235       640    0.9272    0.9363     0.989    0.6376   0.02996    0.0529  0.005057
   192/299     5.02G   0.04224   0.05887  0.008015    0.1091       222       640    0.9099    0.9449      0.98    0.6238   0.03223    0.0535  0.004953
   193/299     5.02G   0.04137   0.05753  0.006935    0.1058       222       640    0.9464    0.9484    0.9911    0.6557   0.03095   0.05273  0.004888
   194/299     5.02G   0.04234   0.05662   0.00668    0.1056       207       640    0.9298    0.9825    0.9917    0.6332   0.03128   0.05281  0.004814
   195/299     5.02G   0.04309   0.06085  0.006956    0.1109       267       640    0.9397    0.9735    0.9902    0.6201   0.03159   0.05224  0.004655
   196/299     5.02G   0.04181    0.0541  0.006758    0.1027       194       640    0.9198    0.9831    0.9884    0.6432   0.03034   0.05197   0.00451
   197/299     5.02G   0.04051   0.05938  0.006924    0.1068       240       640    0.9426     0.982    0.9931    0.6664   0.03023   0.05189  0.004482
   198/299     5.02G   0.04026   0.05397  0.006675    0.1009       189       640    0.9382    0.9799    0.9931    0.6545   0.03067   0.05242   0.00448
   199/299     5.02G   0.03991   0.05389  0.007149    0.1009       203       640    0.9431    0.9614    0.9923    0.6394   0.03087   0.05215  0.004498
   200/299     5.02G    0.0415   0.06041  0.007596    0.1095       251       640     0.942     0.966    0.9925    0.6406   0.03052   0.05204  0.004409
   201/299     5.02G   0.04095   0.05816  0.007089    0.1062       185       640    0.9333    0.9811    0.9919     0.643   0.03031   0.05147  0.004335
   202/299     5.02G   0.04262   0.05818  0.007392    0.1082       214       640    0.9341    0.9731    0.9918    0.6527    0.0305   0.05189  0.004267
   203/299     5.02G   0.04155   0.06005  0.006932    0.1085       246       640    0.9246    0.9823    0.9928    0.6563   0.02946   0.05121  0.004216
   204/299     5.02G   0.03936   0.05667  0.006647    0.1027       237       640    0.9212    0.9842    0.9924    0.6722   0.02941   0.05093  0.004154
   205/299     5.02G   0.03935   0.05622  0.006719    0.1023       187       640    0.9347    0.9703    0.9917    0.6661   0.02885   0.05083  0.004116
   206/299     5.02G   0.03832   0.05747  0.006629    0.1024       298       640    0.9336    0.9756    0.9917    0.6587   0.02988    0.0508  0.004078
   207/299     5.02G   0.03927     0.061  0.006474    0.1067       177       640    0.9376    0.9772    0.9927    0.6638   0.02878   0.05058  0.004012
   208/299     5.02G    0.0391   0.05937  0.007078    0.1056       243       640      0.94    0.9699    0.9924    0.6152   0.03054   0.05129  0.003955
   209/299     5.02G   0.04057   0.06072  0.006162    0.1075       231       640    0.9345    0.9816    0.9924    0.6509   0.02899   0.05082  0.003908
   210/299     5.02G   0.04029   0.05787  0.006138    0.1043       270       640    0.9423    0.9815    0.9924    0.6453   0.03012   0.05125  0.003889
   211/299     5.02G   0.04064     0.057  0.006061    0.1037       214       640    0.9472    0.9833    0.9925    0.6558   0.02932   0.05078  0.003938
   212/299     5.02G   0.04062   0.05786  0.006294    0.1048       189       640    0.9498    0.9802    0.9926      0.65   0.02932   0.05127  0.003973
   213/299     5.02G   0.03912   0.05787  0.006833    0.1038       226       640    0.9502     0.969      0.99    0.6392   0.02886   0.05126  0.003996
   214/299     5.02G   0.03689   0.05803   0.00598    0.1009       250       640     0.944    0.9675    0.9908    0.6556   0.02934   0.05099  0.003971
   215/299     5.02G   0.03816   0.05436   0.00595   0.09847       214       640    0.9452    0.9649    0.9929    0.6594   0.02915   0.05055  0.003922
   216/299     5.02G   0.03924   0.05884  0.006508    0.1046       241       640    0.9454    0.9653    0.9925    0.6645   0.02888    0.0502   0.00383
   217/299     5.02G   0.03719    0.0552  0.005833   0.09822       190       640     0.954    0.9604    0.9925    0.6553   0.02848   0.04994  0.003765
   218/299     5.02G   0.03839   0.05881  0.006589    0.1038       195       640    0.9538    0.9483    0.9795     0.662   0.02959   0.05021  0.003722
   219/299     5.02G   0.03721   0.05419  0.005922   0.09733       242       640     0.953    0.9587    0.9916    0.6539   0.02912   0.05002   0.00369
   220/299     5.02G   0.03912   0.05972  0.005632    0.1045       264       640    0.9418    0.9681    0.9923    0.6554   0.02964   0.05064  0.003703
   221/299     5.02G   0.03828   0.05416  0.005677   0.09812       223       640    0.9385    0.9616    0.9924    0.6596   0.02869   0.05014  0.003739
   222/299     5.02G   0.03815   0.05255  0.006043   0.09675       219       640    0.9323    0.9711    0.9922    0.6616   0.02856   0.05032  0.003687
   223/299     5.02G   0.03726    0.0554  0.006269   0.09893       218       640    0.9215    0.9851    0.9921    0.6718   0.02795   0.05012   0.00364
   224/299     5.02G   0.03663   0.05445  0.006369   0.09746       202       640    0.9439    0.9671    0.9919    0.6681   0.02851   0.05042  0.003563
   225/299     5.02G   0.03707   0.05701   0.00558   0.09967       215       640    0.9507    0.9675    0.9925     0.653    0.0281   0.04997  0.003518
   226/299     5.02G   0.03708   0.05459  0.005915   0.09759       204       640    0.9431    0.9863    0.9934    0.6639   0.02873   0.05018  0.003467
   227/299     5.02G   0.03835   0.05764  0.005835    0.1018       219       640    0.9387    0.9871     0.993    0.6665   0.02826   0.04996   0.00345
   228/299     5.02G   0.03806    0.0572  0.005802    0.1011       284       640    0.9579    0.9663    0.9923    0.6593   0.02868   0.04998  0.003543
   229/299     5.02G   0.03761   0.05408  0.005444   0.09714       258       640    0.9467    0.9705    0.9928    0.6637   0.02848   0.04978  0.003527
   230/299     5.02G    0.0386   0.05863  0.005892    0.1031       218       640    0.9537     0.977    0.9933    0.6692   0.02834   0.05007  0.003364
   231/299     5.02G    0.0379   0.05673  0.005943    0.1006       157       640     0.949    0.9783    0.9935    0.6535   0.02807   0.04947  0.003353
   232/299     5.02G   0.03807   0.05885  0.006011    0.1029       209       640     0.937    0.9686    0.9822    0.6733   0.02842   0.04932  0.003303
   233/299     5.02G   0.03823   0.05523  0.006169   0.09963       226       640    0.9558    0.9586    0.9923    0.6657   0.02809   0.04877  0.003294
   234/299     5.02G   0.03715   0.05764  0.005104    0.0999       245       640    0.9588    0.9584    0.9932    0.6736   0.02826   0.04905   0.00327
   235/299     5.02G   0.03616   0.05748  0.005604   0.09924       197       640    0.9516     0.971    0.9931    0.6708    0.0275   0.04877  0.003263
   236/299     5.02G   0.03695    0.0544  0.005576   0.09693       259       640    0.9552    0.9722    0.9934    0.6728     0.028   0.04906  0.003306
   237/299     5.02G   0.03659   0.05505   0.00549   0.09713       233       640    0.9594     0.961    0.9931    0.6648    0.0276   0.04883  0.003316
   238/299     5.02G   0.03766   0.05616  0.006122   0.09994       180       640    0.9463    0.9882    0.9935    0.6485   0.02814   0.04931  0.003283
   239/299     5.02G   0.03721   0.05603  0.005332   0.09857       253       640    0.9527    0.9856    0.9934    0.6564   0.02797   0.04957  0.003235
   240/299     5.02G   0.03688   0.05385  0.005786   0.09651       207       640    0.9437    0.9907    0.9933    0.6701   0.02777   0.04969  0.003145
   241/299     5.02G   0.03735    0.0599  0.005938    0.1032       259       640    0.9471    0.9909    0.9933    0.6732   0.02706   0.04915  0.003107
   242/299     5.02G   0.03562   0.05574  0.005402   0.09677       216       640    0.9465    0.9892    0.9935    0.6705   0.02765   0.04926  0.003071
   243/299     5.02G   0.03489   0.05183  0.005321   0.09204       173       640    0.9527    0.9876    0.9923    0.6796   0.02703   0.04868  0.003048
   244/299     5.02G    0.0354   0.05557  0.005161   0.09613       235       640     0.956    0.9887    0.9925    0.6848   0.02746   0.04866  0.002995
   245/299     5.02G    0.0351   0.05433  0.005064    0.0945       248       640    0.9672    0.9834    0.9935     0.693   0.02689   0.04799  0.002935
   246/299     5.02G   0.03619   0.05854  0.005837    0.1006       228       640    0.9722    0.9803    0.9933    0.6743   0.02781    0.0483  0.002901
   247/299     5.02G   0.03526   0.05533  0.005413     0.096       232       640    0.9682    0.9836    0.9921    0.6851    0.0271   0.04791  0.002887
   248/299     5.02G   0.03559   0.05614  0.004825   0.09655       206       640    0.9635    0.9847    0.9934    0.6634    0.0281   0.04831  0.002895
   249/299     5.02G   0.03572   0.04932  0.005413   0.09045       185       640     0.962     0.977    0.9931     0.694   0.02705   0.04783  0.002914
   250/299     5.02G   0.03532   0.05487  0.005413   0.09561       229       640    0.9494    0.9906    0.9933    0.6915   0.02761   0.04824  0.002895
   251/299     5.02G   0.03585    0.0566  0.004776   0.09723       199       640    0.9525    0.9908    0.9932    0.7058   0.02703   0.04804   0.00288
   252/299     5.02G   0.03551   0.05295  0.005316   0.09378       173       640    0.9547    0.9846    0.9931    0.7036   0.02677   0.04814  0.002899
   253/299     5.02G   0.03534   0.05865  0.004991   0.09897       193       640    0.9583    0.9888    0.9936    0.7106   0.02675   0.04841  0.002925
   254/299     5.02G   0.03474   0.05704  0.005101   0.09688       189       640    0.9606    0.9856    0.9935    0.6953   0.02712   0.04861   0.00293
   255/299     5.02G   0.03581   0.05626  0.004762   0.09683       248       640    0.9584    0.9873    0.9935    0.6891   0.02712    0.0485  0.002937
   256/299     5.02G   0.03558   0.05527  0.005055   0.09591       214       640     0.957    0.9852    0.9933    0.7029   0.02712   0.04853  0.002957
   257/299     5.02G   0.03589   0.05472  0.005024   0.09564       194       640    0.9593    0.9844    0.9933    0.7006   0.02696   0.04838  0.002966
   258/299     5.02G   0.03572   0.05477  0.005092   0.09558       258       640    0.9577    0.9899    0.9935    0.7036   0.02692   0.04825  0.002873
   259/299     5.02G   0.03586   0.05488  0.005322   0.09606       230       640    0.9582    0.9901    0.9936    0.7113   0.02641   0.04802  0.002806
   260/299     5.02G   0.03546    0.0557  0.004984   0.09614       213       640    0.9555      0.99    0.9935    0.7171   0.02673    0.0481  0.002748
   261/299     5.02G    0.0342    0.0535   0.00469   0.09239       216       640     0.957    0.9862    0.9935    0.7061   0.02631   0.04777  0.002707
   262/299     5.02G   0.03424   0.05517  0.004663   0.09407       185       640    0.9576    0.9856    0.9943    0.7045   0.02638   0.04765  0.002668
   263/299     5.02G   0.03429    0.0538  0.005081   0.09317       203       640    0.9609    0.9784    0.9937    0.7073   0.02627    0.0476  0.002656
   264/299     5.02G   0.03449     0.055  0.004693   0.09419       164       640    0.9621    0.9755    0.9944    0.7145   0.02613   0.04756  0.002686
   265/299     5.02G   0.03396   0.05219  0.004967   0.09112       176       640    0.9577    0.9841    0.9945    0.7309   0.02578   0.04746  0.002705
   266/299     5.02G   0.03495   0.05224   0.00497   0.09217       196       640    0.9572    0.9839     0.994    0.7193   0.02605   0.04751  0.002709
   267/299     5.02G   0.03483   0.05718  0.005275   0.09728       288       640    0.9635     0.978    0.9939    0.7186   0.02628   0.04756  0.002709
   268/299     5.02G   0.03428   0.05651  0.005052   0.09584       234       640    0.9645    0.9767    0.9937    0.7137   0.02636   0.04755  0.002688
   269/299     5.02G   0.03493   0.05452  0.005401   0.09485       200       640    0.9599    0.9816    0.9934    0.6966   0.02638   0.04762  0.002662
   270/299     5.02G   0.03436   0.05345  0.005095   0.09291       200       640    0.9679    0.9793    0.9938    0.7015    0.0265   0.04768  0.002629
   271/299     5.02G   0.03412   0.05829  0.004741   0.09715       248       640    0.9574    0.9876    0.9935    0.7065   0.02662   0.04778  0.002575
   272/299     5.02G   0.03412   0.05493   0.00509   0.09414       211       640     0.972    0.9718    0.9935    0.7106   0.02627   0.04783  0.002516
   273/299     5.02G   0.03565    0.0571  0.004743   0.09749       149       640    0.9672    0.9773    0.9934    0.6973   0.02677   0.04793  0.002461
   274/299     5.02G    0.0351   0.05641  0.004865   0.09637       259       640    0.9734    0.9717    0.9935    0.7088   0.02639   0.04778   0.00242
   275/299     5.02G   0.03498   0.05603  0.004629   0.09564       215       640    0.9738    0.9726    0.9934      0.71   0.02654    0.0479  0.002399
   276/299     5.02G   0.03414   0.05271  0.004625   0.09148       162       640    0.9727    0.9729    0.9935    0.7081   0.02633   0.04781  0.002393
   277/299     5.02G   0.03434   0.05168  0.004552   0.09057       199       640    0.9687      0.98    0.9936    0.6937   0.02698   0.04812  0.002399
   278/299     5.02G   0.03502   0.05731  0.004563   0.09689       238       640     0.968    0.9848    0.9936    0.7158   0.02631   0.04783  0.002396
   279/299     5.02G   0.03391   0.05186   0.00442   0.09019       237       640     0.971    0.9848    0.9937    0.7047   0.02649   0.04791  0.002383
   280/299     5.02G   0.03317    0.0518  0.004709   0.08968       219       640    0.9661    0.9883    0.9936    0.7159   0.02605   0.04767  0.002398
   281/299     5.02G   0.03389   0.05516  0.004555    0.0936       261       640    0.9679    0.9875    0.9938    0.7121   0.02637   0.04759   0.00246
   282/299     5.02G   0.03395   0.05129   0.00475   0.08999       206       640    0.9661    0.9899    0.9938    0.7104    0.0262   0.04739   0.00248
   283/299     5.02G   0.03274   0.05196  0.004316   0.08901       214       640    0.9463    0.9909     0.985    0.7092   0.02628   0.04724  0.002445
   284/299     5.02G   0.03428   0.05473  0.004705   0.09372       211       640    0.9607    0.9909    0.9939    0.7219   0.02602   0.04696  0.002377
   285/299     5.02G   0.03391   0.05173  0.004692   0.09033       249       640    0.9497    0.9813    0.9804    0.7241    0.0265   0.04712  0.002321
   286/299     5.02G   0.03519    0.0508  0.004438   0.09043       208       640    0.9551    0.9931    0.9935    0.7142   0.02623   0.04683  0.002337
   287/299     5.02G    0.0353   0.05247  0.004482   0.09225       233       640    0.9528    0.9929    0.9937    0.7068    0.0268    0.0471  0.002361
   288/299     5.02G   0.03624   0.05481  0.004575   0.09563       267       640    0.9497    0.9931    0.9938     0.705   0.02602   0.04686   0.00246
   289/299     5.02G    0.0357   0.05265  0.004652     0.093       188       640    0.9533    0.9931    0.9936    0.7006   0.02596   0.04719  0.002599
   290/299     5.02G   0.03449   0.05402  0.004747   0.09326       224       640    0.9531    0.9883     0.994    0.7057    0.0256   0.04744  0.002741
   291/299     5.02G   0.03403   0.05392  0.004334   0.09229       180       640    0.9569    0.9839    0.9936    0.6984   0.02565   0.04755  0.002778
   292/299     5.02G   0.03379   0.05515  0.004371   0.09331       202       640    0.9593    0.9815    0.9938    0.6877    0.0256   0.04737  0.002756
   293/299     5.02G   0.03499   0.05347  0.005045    0.0935       255       640    0.9663    0.9776    0.9941    0.6936    0.0259   0.04755  0.002675
   294/299     5.02G   0.03397   0.05263  0.004856   0.09145       193       640    0.9608    0.9806    0.9941    0.6931   0.02566   0.04734  0.002618
   295/299     5.02G   0.03484   0.05477  0.004845   0.09445       233       640    0.9557    0.9886    0.9944    0.6935   0.02625   0.04743  0.002553
   296/299     5.02G   0.03374   0.05274  0.004474   0.09095       256       640    0.9626    0.9858    0.9939    0.7142   0.02587   0.04698  0.002495
   297/299     5.02G   0.03425   0.05579   0.00497   0.09501       228       640    0.9678    0.9825    0.9938    0.7041   0.02591   0.04677  0.002376
   298/299     5.02G   0.03399   0.05392  0.004388    0.0923       193       640    0.9615    0.9931    0.9938    0.7087   0.02565   0.04648  0.002291
   299/299     5.02G    0.0349   0.05438  0.005296   0.09457       253       640    0.9646    0.9908    0.9938     0.712   0.02563   0.04643  0.002278
