     0/299    0.407G    0.1209   0.08098   0.06392    0.2658       228       640  0.002259  0.001344 0.0001574 1.834e-05    0.1178   0.08403   0.06235
     1/299     4.86G    0.1191   0.07709   0.06339    0.2596       217       640  0.002893  0.001344 6.921e-05 1.517e-05    0.1163   0.08596   0.06193
     2/299     4.86G    0.1174   0.08152   0.06307     0.262       239       640  0.003505  0.001344 8.599e-05 1.049e-05    0.1148   0.08831   0.06147
     3/299     4.86G     0.117   0.08527   0.06224    0.2645       216       640 0.0004995  0.001344 5.759e-05 1.152e-05    0.1136   0.09034   0.06093
     4/299     4.86G    0.1147   0.09048    0.0617    0.2669       218       640  0.003412  0.003617 0.0001117 1.901e-05    0.1123   0.09259   0.06035
     5/299     4.86G    0.1146   0.08529   0.06051    0.2604       266       640  0.002822  0.003617 0.0001392 2.236e-05    0.1109   0.09497   0.05968
     6/299     4.86G    0.1131   0.08212   0.06026    0.2555       274       640  0.002717  0.003617 0.0001101 2.161e-05    0.1097   0.09696   0.05897
     7/299     4.86G    0.1126   0.08994   0.05926    0.2618       211       640  0.002275  0.003617 0.0001248 2.414e-05    0.1087    0.0983   0.05823
     8/299     4.86G    0.1118   0.08827   0.05821    0.2583       217       640  0.001451   0.01665 0.0001369 2.859e-05    0.1077   0.09963   0.05748
     9/299     4.86G    0.1114   0.08898   0.05731    0.2577       225       640   0.00178  0.004167 0.0001636 3.046e-05    0.1068    0.1008    0.0567
    10/299     4.86G    0.1101   0.09095   0.05654    0.2576       165       640  0.002523   0.01733  0.000328 4.929e-05    0.1059    0.1019   0.05593
    11/299     4.86G    0.1093    0.0869   0.05576     0.252       236       640  0.003425   0.01006 0.0004457 6.602e-05    0.1049    0.1029   0.05514
    12/299     4.86G    0.1088   0.08324   0.05548    0.2475       207       640  0.003905   0.01006 0.0005235 8.282e-05     0.104    0.1037   0.05442
    13/299     4.86G    0.1086   0.09062   0.05397    0.2532       185       640  0.005044  0.008712 0.0006812 0.0001054    0.1032    0.1045    0.0536
    14/299     4.86G    0.1096   0.08689   0.05361    0.2501       207       640   0.00602   0.01061 0.0008688 0.0001559    0.1025    0.1048   0.05287
    15/299     4.86G    0.1079   0.09297   0.05233    0.2532       200       640  0.004853   0.04706  0.001272 0.0001953    0.1018    0.1051   0.05214
    16/299     4.86G    0.1081   0.08893   0.05127    0.2483       254       640  0.005696   0.05219  0.001592 0.0002794    0.1012    0.1051   0.05144
    17/299     4.86G    0.1063   0.09025   0.05146    0.2481       195       640   0.01246   0.01288  0.002186  0.000363    0.1006    0.1052   0.05076
    18/299     4.86G    0.1059   0.09146    0.0505    0.2478       208       640   0.01294   0.01288  0.002552  0.000447   0.09993    0.1053   0.05006
    19/299     4.86G     0.106   0.09406   0.04992      0.25       245       640  0.007826   0.07496  0.003347 0.0005589   0.09906    0.1059   0.04947
    20/299     4.86G    0.1056   0.09105   0.04919    0.2458       195       640  0.008232   0.03964  0.003135 0.0005895   0.09846    0.1061   0.04895
    21/299     4.86G    0.1048   0.09188   0.04885    0.2455       215       640   0.01206   0.03774  0.004311 0.0007988   0.09804     0.106   0.04854
    22/299     4.86G    0.1036    0.0866   0.04865    0.2388       242       640   0.01286   0.03547  0.004452 0.0009006   0.09739    0.1065   0.04806
    23/299     4.86G    0.1033   0.08812   0.04796    0.2394       231       640   0.01553   0.04005   0.00545 0.0009758   0.09659    0.1068   0.04755
    24/299     4.86G    0.1011   0.08718   0.04733    0.2356       172       640   0.01616   0.03913  0.005706  0.001145   0.09585    0.1071   0.04709
    25/299     4.86G    0.1019   0.08701   0.04663    0.2355       161       640    0.0194    0.0477  0.006733  0.001206   0.09528    0.1072   0.04661
    26/299     4.86G    0.1025    0.0887   0.04583     0.237       224       640    0.1495   0.03937  0.008267  0.001682   0.09482    0.1074   0.04618
    27/299     4.86G    0.1015   0.09212   0.04576    0.2394       254       640    0.1496   0.03895   0.00951  0.001928   0.09427    0.1076   0.04576
    28/299     4.86G    0.1001   0.08487   0.04576    0.2308       173       640   0.02515   0.04715   0.01094  0.002347   0.09367    0.1076    0.0453
    29/299     4.86G   0.09937   0.08855   0.04569    0.2336       146       640   0.02341    0.1223   0.01276   0.00287   0.09304     0.108   0.04489
    30/299     4.86G    0.1005   0.09637    0.0454    0.2423       290       640   0.01899    0.1726   0.01363  0.003089   0.09256     0.108   0.04451
    31/299     4.86G    0.1006   0.09564   0.04525    0.2415       261       640   0.01981   0.06654   0.01386  0.002954     0.092    0.1081   0.04416
    32/299     4.86G   0.09935   0.09631    0.0444    0.2401       264       640   0.02307   0.04977   0.01482  0.003302    0.0916     0.108    0.0438
    33/299     4.86G   0.09906    0.0941   0.04398    0.2371       207       640   0.02327   0.06103   0.01424  0.003082     0.091    0.1083   0.04344
    34/299     4.86G   0.09769   0.08732   0.04316    0.2282       206       640   0.02583   0.06696   0.01688  0.003786   0.09036    0.1083   0.04304
    35/299     4.86G   0.09722   0.09181   0.04396     0.233       241       640   0.02803   0.06942    0.0172  0.003488   0.08975    0.1086   0.04271
    36/299     4.86G   0.09714   0.09139   0.04279    0.2313       212       640   0.02334   0.09506   0.01753  0.003837    0.0893    0.1088   0.04243
    37/299     4.86G   0.09666   0.09461   0.04271     0.234       241       640   0.02293    0.1074   0.01744  0.003918   0.08876    0.1093   0.04217
    38/299     4.86G   0.09651   0.09984   0.04248    0.2388       249       640   0.02523   0.09376   0.01784  0.004376   0.08834    0.1095    0.0419
    39/299     4.86G   0.09439   0.09596    0.0418    0.2321       223       640   0.02391    0.1191   0.01835  0.004171   0.08775      0.11   0.04161
    40/299     4.86G   0.09462   0.09627    0.0407    0.2316       247       640     0.153   0.08997   0.02071  0.004621   0.08725    0.1102   0.04132
    41/299     4.86G   0.09591   0.09778   0.04166    0.2354       179       640    0.2796   0.09934   0.02177  0.005099   0.08699    0.1101   0.04103
    42/299     4.86G   0.09506    0.0975    0.0412    0.2338       216       640   0.03037    0.1308   0.02195  0.005537   0.08661    0.1102   0.04073
    43/299     4.86G   0.09341   0.09436     0.041    0.2288       213       640   0.03309    0.1255   0.02432  0.006046   0.08608    0.1103   0.04041
    44/299     4.86G   0.09306   0.09933   0.04091    0.2333       217       640   0.03594     0.131   0.02458  0.006319   0.08549    0.1106   0.04016
    45/299     4.86G   0.09401    0.1013   0.04115    0.2364       211       640    0.2884    0.1213    0.0256  0.006344   0.08519    0.1107    0.0399
    46/299     4.86G   0.09258   0.09931   0.03848    0.2304       194       640    0.4241    0.1076   0.02862  0.005729    0.0848     0.111   0.03968
    47/299     4.86G   0.09214   0.09471   0.03963    0.2265       213       640    0.4327    0.1122   0.02886  0.005925   0.08425    0.1115   0.03954
    48/299     4.86G    0.0914   0.09784   0.04013    0.2294       208       640    0.4434    0.1129    0.0308  0.006022   0.08367    0.1119    0.0394
    49/299     4.86G    0.0926    0.1025   0.03903    0.2342       167       640    0.4293    0.1144   0.03222  0.006359   0.08338     0.112   0.03915
    50/299     4.86G   0.09124   0.09956   0.03814    0.2289       222       640    0.4473    0.1056   0.03498   0.00755   0.08285    0.1124    0.0389
    51/299     4.86G   0.09001   0.09815   0.03826    0.2264       230       640    0.4402    0.1133   0.03753  0.008082    0.0824    0.1125   0.03862
    52/299     4.86G   0.08932   0.09686   0.03963    0.2258       204       640    0.5623    0.1214   0.03872  0.008093   0.08203    0.1127   0.03839
    53/299     4.86G   0.08773   0.09488   0.03904    0.2216       166       640    0.5604    0.1269    0.0416   0.00861   0.08131    0.1133   0.03811
    54/299     4.86G   0.08939   0.09921   0.03862    0.2272       301       640    0.5555    0.1355   0.03872  0.008188   0.08082    0.1135   0.03792
    55/299     4.86G   0.08809   0.09991   0.03856    0.2266       234       640    0.5551     0.137   0.04057  0.009583   0.08049    0.1138   0.03778
    56/299     4.86G   0.08891    0.1009   0.03777    0.2276       211       640    0.5615    0.1381   0.04353   0.01127   0.08001     0.114   0.03754
    57/299     4.86G   0.08813     0.103   0.03907    0.2302       184       640    0.5672    0.1318   0.04481   0.01343   0.07972    0.1142   0.03738
    58/299     4.86G   0.08668   0.09737   0.03806    0.2221       146       640    0.5785    0.1184    0.0494   0.01401   0.07909    0.1147    0.0372
    59/299     4.86G   0.08576    0.1007    0.0387    0.2252       247       640    0.6062   0.08757   0.05186    0.0136   0.07844    0.1151     0.037
    60/299     4.86G    0.0857    0.1021   0.03751    0.2253       187       640     0.608    0.1138   0.05385   0.01457   0.07823    0.1152   0.03686
    61/299     4.86G   0.08737    0.1091   0.03791    0.2344       231       640    0.5815    0.1291   0.05967   0.01735   0.07804    0.1156   0.03666
    62/299     4.86G   0.08483    0.1049   0.03833    0.2281       197       640    0.3306    0.2231   0.06481   0.01795   0.07745    0.1165   0.03649
    63/299     4.86G    0.0851    0.1018   0.03647    0.2234       177       640     0.609    0.0799   0.06299   0.01732   0.07737    0.1162   0.03639
    64/299     4.86G   0.08612   0.09972   0.03744    0.2233       213       640    0.5749    0.1363   0.06406   0.01814   0.07701     0.116   0.03615
    65/299     4.86G   0.08426    0.1047   0.03607    0.2251       278       640    0.3284    0.2315   0.06428   0.01789   0.07669    0.1164   0.03609
    66/299     4.86G   0.08471    0.1001   0.03638    0.2212       176       640    0.1981      0.24   0.06648   0.01892    0.0764    0.1169    0.0359
    67/299     4.86G   0.08506    0.1081   0.03666    0.2298       225       640    0.3403    0.2264   0.07099   0.02183   0.07592    0.1173   0.03563
    68/299     4.86G   0.08403    0.1011   0.03619    0.2214       211       640    0.3452    0.2119   0.06854   0.02153   0.07559    0.1171   0.03542
    69/299     4.86G   0.08363    0.1009   0.03664    0.2211       212       640    0.3455    0.2087   0.06733   0.02106   0.07499    0.1172   0.03521
    70/299     4.86G   0.08366    0.1007    0.0371    0.2215       188       640    0.3512    0.2309   0.07054   0.02243   0.07452    0.1174   0.03495
    71/299     4.86G    0.0832    0.1104   0.03561    0.2292       256       640    0.4348    0.2292   0.08549   0.02764    0.0738    0.1179   0.03481
    72/299     4.86G   0.08145    0.1021   0.03551    0.2191       221       640    0.3531    0.2356   0.08901   0.02844   0.07341    0.1181   0.03468
    73/299     4.86G   0.08254    0.1091   0.03612    0.2278       243       640     0.372    0.2324   0.08713     0.028   0.07319    0.1186   0.03449
    74/299     4.86G   0.08241    0.1045   0.03637    0.2233       189       640     0.432    0.2251   0.08854   0.02932   0.07303    0.1188   0.03438
    75/299     4.86G    0.0803   0.09832   0.03609    0.2147       167       640    0.3893    0.2248   0.09058   0.03035   0.07257    0.1191   0.03425
    76/299     4.86G   0.08199    0.1059   0.03586    0.2237       174       640    0.3842    0.2165   0.09228   0.03371   0.07227    0.1191   0.03411
    77/299     4.86G   0.08192    0.1084   0.03526    0.2256       236       640     0.384    0.2162   0.09166   0.03287   0.07218    0.1189     0.034
    78/299     4.86G   0.08009    0.1061   0.03487     0.221       220       640    0.5764    0.2019    0.1038   0.03775   0.07161    0.1193   0.03384
    79/299     4.86G   0.08094    0.1013   0.03554    0.2178       186       640    0.4403    0.2156     0.111   0.04029   0.07151    0.1189   0.03364
    80/299     4.86G   0.07963    0.1035   0.03426    0.2174       186       640    0.4617    0.2111    0.1107   0.04127   0.07111     0.119   0.03364
    81/299     4.86G   0.07871    0.1041   0.03512    0.2179       174       640    0.3871    0.2228    0.1135   0.04157   0.07113    0.1189   0.03357
    82/299     4.86G   0.07979    0.1039   0.03455    0.2182       153       640    0.3883    0.2339    0.1134   0.03972   0.07076    0.1188   0.03345
    83/299     4.86G   0.07972    0.1102   0.03494    0.2249       209       640    0.3948    0.2287    0.1113    0.0383   0.07062     0.119   0.03334
    84/299     4.86G   0.07956    0.1114   0.03359    0.2245       231       640    0.5121    0.2258    0.1151    0.0425   0.07055    0.1194   0.03324
    85/299     4.86G   0.07881    0.1079   0.03441    0.2211       210       640    0.4051    0.2348    0.1242   0.04548   0.07022    0.1198   0.03301
    86/299     4.86G   0.07765    0.1018    0.0339    0.2133       224       640    0.3905    0.2283    0.1287    0.0467   0.07013    0.1196   0.03291
    87/299     4.86G   0.07896    0.1067   0.03467    0.2203       266       640    0.4437    0.2207    0.1285   0.04537    0.0699    0.1194   0.03278
    88/299     4.86G   0.07915    0.1079   0.03435    0.2214       242       640    0.4266    0.2245    0.1435   0.05506   0.06972    0.1196   0.03261
    89/299     4.86G   0.07892    0.1064   0.03428    0.2196       258       640    0.4075    0.2283    0.1414   0.05017   0.06951    0.1198   0.03253
    90/299     4.86G   0.07791    0.1072   0.03297    0.2181       211       640     0.616    0.2052    0.1544   0.05846    0.0693    0.1202   0.03232
    91/299     4.86G   0.07872    0.1092   0.03414     0.222       205       640    0.6329    0.1999    0.1613   0.06526   0.06897    0.1207   0.03215
    92/299     4.86G   0.07708    0.1088   0.03299    0.2189       225       640    0.5943     0.213    0.1719   0.06591   0.06845    0.1209   0.03203
    93/299     4.86G   0.07925    0.1076   0.03321    0.2201       222       640     0.625    0.2059    0.1721   0.06605   0.06857    0.1212   0.03193
    94/299     4.86G    0.0772    0.1075    0.0344    0.2191       207       640    0.6273    0.2167    0.1777   0.07042   0.06798    0.1215   0.03173
    95/299     4.86G   0.07738    0.1041   0.03377    0.2152       246       640    0.6271    0.2121    0.1794   0.07141   0.06776    0.1214   0.03161
    96/299     4.86G   0.07699    0.1088   0.03278    0.2185       199       640    0.6343    0.2163    0.1883   0.07149   0.06764    0.1212   0.03144
    97/299     4.86G   0.07861     0.112   0.03266    0.2232       252       640    0.2684    0.3173     0.191   0.07508   0.06795    0.1213   0.03144
    98/299     4.86G   0.07619    0.1031   0.03381    0.2131       156       640    0.2702    0.2993    0.1899   0.07609   0.06796    0.1212   0.03144
    99/299     4.86G   0.07697    0.1078   0.03351    0.2183       225       640    0.2808    0.2911    0.1865   0.07198   0.06796     0.121   0.03142
   100/299     4.86G   0.07675    0.1079    0.0334    0.2181       252       640    0.2935    0.2949     0.191   0.07121   0.06768    0.1209   0.03129
   101/299     4.86G   0.07587    0.1081   0.03348    0.2174       231       640    0.2863    0.3012    0.1945   0.07441   0.06739    0.1208   0.03114
   102/299     4.86G   0.07621    0.1071    0.0325    0.2158       233       640    0.2911    0.3005     0.198   0.07448   0.06767    0.1206   0.03108
   103/299     4.86G   0.07697     0.115   0.03201     0.224       202       640    0.2808    0.3053    0.2021   0.07438   0.06741    0.1215   0.03092
   104/299     4.86G    0.0786    0.1117   0.03279    0.2231       218       640    0.2611    0.3071    0.1541   0.04939   0.07025     0.119    0.0309
   105/299     4.86G   0.08098    0.1119   0.03281    0.2257       235       640     0.256    0.2921    0.1598    0.0509   0.06879    0.1202   0.03086
   106/299     4.86G   0.07854    0.1051   0.03147    0.2151       204       640    0.2605    0.2817     0.165   0.05686   0.06847    0.1201   0.03077
   107/299     4.86G   0.07598     0.105   0.03212    0.2131       162       640    0.3093     0.289    0.1896   0.06966   0.06806    0.1205   0.03067
   108/299     4.86G   0.07735    0.1139   0.03331    0.2245       240       640    0.3181    0.2872    0.1906    0.0621   0.06802    0.1205   0.03064
   109/299     4.86G   0.07924    0.1072    0.0333    0.2197       261       640    0.3145    0.2891    0.1747   0.05982   0.06858      0.12   0.03054
   110/299     4.86G   0.07817    0.1026   0.03167    0.2125       188       640      0.31     0.287    0.1859   0.06407   0.06772    0.1206   0.03041
   111/299     4.86G   0.07949    0.1075   0.03288    0.2198       190       640    0.3201    0.2992     0.197   0.07248   0.06813    0.1199   0.03032
   112/299     4.86G   0.07823    0.1088   0.03173    0.2187       187       640    0.4341    0.2879    0.1802   0.06193   0.06851      0.12   0.03037
   113/299     4.86G   0.08171    0.1123   0.03159    0.2256       200       640    0.4818    0.2825    0.2003   0.06178   0.06911    0.1194    0.0303
   114/299     4.86G   0.07907    0.1034   0.03257    0.2151       244       640    0.3038    0.2837    0.1755   0.05852    0.0692    0.1192   0.03014
   115/299     4.86G   0.07963    0.1044   0.03318    0.2172       193       640    0.3356     0.287    0.1716   0.06241    0.0705     0.118   0.03017
   116/299     4.86G   0.08027    0.1073   0.03197    0.2196       187       640    0.3319    0.2896    0.1747   0.05995    0.0697    0.1185   0.03016
   117/299     4.86G    0.0805    0.1023   0.03183    0.2147       202       640    0.4249    0.2872    0.1704   0.06307   0.06928    0.1191      0.03
   118/299     4.86G   0.08099    0.1081   0.03249    0.2215       213       640    0.2405    0.2916    0.1719    0.0651   0.06822    0.1197   0.02979
   119/299     4.86G   0.07897    0.1048   0.03199    0.2157       181       640    0.2241    0.3191    0.1905   0.06914   0.06923    0.1189   0.02969
   120/299     4.86G   0.07952    0.1066   0.03149    0.2176       283       640    0.2281     0.304    0.1652   0.05974   0.06885    0.1188   0.02966
   121/299     4.86G   0.08029    0.1051   0.03283    0.2182       216       640    0.4512    0.2684    0.2025   0.06754   0.06899     0.119   0.02967
   122/299     4.86G   0.08068       0.1   0.03173    0.2125       194       640    0.4374    0.2647    0.1937   0.06784   0.06876    0.1188   0.02961
   123/299     4.86G   0.07908     0.101   0.03116    0.2112       256       640    0.4264    0.2761    0.1987    0.0756   0.06768    0.1194   0.02957
   124/299     4.86G   0.07655    0.1045    0.0309    0.2119       213       640    0.2068    0.3181    0.1909   0.06975   0.06701    0.1201    0.0296
   125/299     4.86G   0.07661    0.1015   0.03224    0.2103       237       640    0.2026    0.3184    0.1999   0.07276   0.06839    0.1193   0.02952
   126/299     4.86G   0.07995    0.1103   0.03204    0.2223       224       640    0.1905    0.3268    0.1692   0.05087   0.06978    0.1178    0.0295
   127/299     4.86G   0.08132    0.1052   0.03162    0.2182       237       640     0.255    0.3279    0.1799   0.05034   0.06972    0.1185   0.02948
   128/299     4.86G   0.08174    0.1024    0.0319     0.216       190       640    0.2284    0.3148     0.181   0.05885   0.06845    0.1191   0.02939
   129/299     4.86G   0.07692    0.1034   0.03151    0.2118       236       640    0.4221    0.2821    0.2094   0.06918   0.06966    0.1183   0.02943
   130/299     4.86G   0.07953    0.1057   0.03163    0.2169       193       640    0.4248    0.2784    0.1818   0.05948   0.06843    0.1196   0.02928
   131/299     4.86G   0.08135    0.1109   0.03158    0.2239       216       640    0.4319    0.2922      0.19   0.06254   0.06843    0.1196   0.02912
   132/299     4.86G   0.07839    0.1036   0.03105    0.2131       174       640    0.1932    0.3353    0.1983   0.07059   0.06739    0.1202    0.0291
   133/299     4.86G    0.0773    0.1079    0.0323    0.2175       238       640    0.1918    0.3565    0.2214   0.07541   0.06872    0.1189   0.02907
   134/299     4.86G   0.07794     0.098   0.03056    0.2065       217       640     0.242    0.3234     0.186    0.0592   0.06801    0.1189   0.02888
   135/299     4.86G   0.07934    0.1065   0.03141    0.2173       230       640    0.4024    0.3034    0.2109   0.07136   0.06804    0.1192   0.02885
   136/299     4.86G   0.07981    0.1054    0.0306    0.2158       236       640    0.4157    0.3004    0.1937   0.06558   0.06755    0.1195   0.02881
   137/299     4.86G   0.07946    0.1101   0.03121    0.2208       231       640    0.4263       0.3     0.212   0.08281     0.067    0.1196   0.02875
   138/299     4.86G   0.07977     0.109   0.03106    0.2199       268       640    0.3981     0.293     0.182     0.066   0.06798    0.1191   0.02862
   139/299     4.86G   0.07874    0.1062   0.03153    0.2165       229       640    0.4023    0.2975    0.2142   0.08739   0.06701    0.1197   0.02854
   140/299     4.86G    0.0769   0.09939   0.03103    0.2073       203       640    0.1704    0.4264    0.1966    0.0707    0.0666    0.1201   0.02848
   141/299     4.86G   0.07913    0.1035   0.03136     0.214       238       640    0.3964    0.2886    0.2102   0.08083   0.06686    0.1196   0.02835
   142/299     4.86G   0.07675    0.1036   0.03081    0.2112       173       640      0.22    0.3616    0.2106   0.08144   0.06644    0.1196   0.02838
   143/299     4.86G   0.07741    0.1066   0.03015    0.2142       191       640    0.1945    0.4044    0.2076   0.07605   0.06672    0.1197   0.02845
   144/299     4.86G   0.07841    0.1027   0.03084    0.2119       197       640    0.2255    0.3765    0.2152   0.07822   0.06671    0.1197   0.02835
   145/299     4.86G   0.07766    0.1064   0.02911    0.2132       229       640     0.197    0.4099    0.2052   0.07828   0.06702    0.1197   0.02841
   146/299     4.86G   0.07729    0.1064   0.03001    0.2137       208       640    0.1902    0.4222    0.2182   0.08664   0.06593    0.1203   0.02826
   147/299     4.86G    0.0746    0.1002   0.02949    0.2043       176       640    0.1944    0.4228    0.2244   0.09141   0.06582    0.1204   0.02817
   148/299     4.86G   0.07678    0.1071   0.03075    0.2146       193       640    0.2143    0.3645    0.2004   0.07606   0.06732    0.1192   0.02807
   149/299     4.86G   0.07798     0.104   0.03088    0.2129       194       640    0.1784    0.4201    0.2148   0.08431   0.06685    0.1196   0.02794
   150/299     4.86G   0.07684    0.1097   0.03073    0.2173       237       640    0.1882    0.4276    0.2201   0.09067   0.06574    0.1204    0.0279
   151/299     4.86G   0.07695    0.1079   0.03087    0.2157       198       640    0.2084    0.4365    0.2174   0.08802   0.06602    0.1205   0.02791
   152/299     4.86G    0.0757    0.1025   0.02962    0.2078       238       640    0.1878    0.4379     0.214   0.08727   0.06613    0.1203   0.02785
   153/299     4.86G   0.07712    0.1042    0.0298    0.2111       185       640    0.1928    0.4318    0.2106   0.08019   0.06701    0.1199   0.02778
   154/299     4.86G   0.07847     0.101   0.03109    0.2106       237       640    0.1905    0.4189    0.2095   0.08352   0.06649    0.1198   0.02771
   155/299     4.86G   0.07646    0.1118   0.03103    0.2192       279       640    0.1995    0.4121    0.2116   0.08349   0.06631    0.1201   0.02775
   156/299     4.86G   0.07728    0.1046   0.02934    0.2113       218       640    0.1985    0.4324    0.2325    0.0946   0.06565    0.1206   0.02762
   157/299     4.86G   0.07652    0.1132   0.03029      0.22       220       640     0.199     0.437    0.2406   0.09428   0.06558    0.1206   0.02751
   158/299     4.86G   0.07669    0.1081   0.03104    0.2158       242       640    0.1948    0.4378    0.2388    0.0973   0.06558    0.1209   0.02753
   159/299     4.86G   0.07753    0.1017   0.02976     0.209       195       640    0.1887    0.4146    0.2249   0.09167    0.0664      0.12   0.02756
   160/299     4.86G   0.07739    0.1064   0.03047    0.2142       201       640     0.187    0.4042    0.2264    0.0931   0.06592      0.12   0.02754
   161/299     4.86G   0.07674    0.1105   0.02991    0.2172       235       640    0.1894    0.3846    0.2411    0.1099   0.06549    0.1201   0.02756
   162/299     4.86G   0.07584    0.1058   0.03049    0.2121       213       640    0.2536     0.325    0.2378    0.1101   0.06555    0.1202   0.02757
   163/299     4.86G   0.07624    0.1065   0.03009    0.2128       244       640    0.1884    0.3965    0.2375    0.1026   0.06547    0.1202    0.0275
   164/299     4.86G   0.07701    0.1099    0.0313    0.2182       242       640    0.1866    0.3784    0.2306   0.09084   0.06521    0.1205    0.0275
   165/299     4.86G   0.07706    0.1089   0.03043    0.2164       245       640    0.2022    0.3951    0.2273   0.09003   0.06552    0.1205   0.02739
   166/299     4.86G   0.07539    0.1059    0.0299    0.2112       220       640    0.1776    0.4413    0.2399   0.09805   0.06518    0.1206   0.02735
   167/299     4.86G   0.07667    0.1051   0.02899    0.2108       235       640    0.4067    0.2864     0.229   0.09281   0.06578    0.1202   0.02727
   168/299     4.86G   0.07824    0.1109   0.03098    0.2201       269       640    0.1997     0.434    0.2561    0.1014   0.06514    0.1205   0.02722
   169/299     4.86G   0.07573    0.1013   0.03001     0.207       195       640    0.2031    0.4102     0.242   0.09689   0.06495    0.1208   0.02726
   170/299     4.86G   0.07663    0.1064   0.03074    0.2138       187       640    0.4275    0.2819    0.2418   0.09481   0.06506    0.1208   0.02724
   171/299     4.86G   0.07628    0.1021   0.03043    0.2088       206       640    0.1809    0.4397    0.2315   0.08575   0.06566    0.1204   0.02732
   172/299     4.86G   0.07673    0.1053   0.03047    0.2125       259       640    0.4334    0.2778     0.237   0.09525   0.06468     0.121   0.02722
   173/299     4.86G   0.07663    0.1103   0.02985    0.2168       270       640    0.4539    0.2833    0.2366   0.09081   0.06507    0.1208   0.02722
   174/299     4.86G   0.07497    0.1114   0.03051    0.2169       259       640    0.4109     0.283    0.2313   0.08943    0.0652    0.1209   0.02728
   175/299     4.86G   0.07561    0.1092   0.03045    0.2152       258       640    0.3551    0.3066    0.2387   0.08994   0.06517     0.121   0.02736
   176/299     4.86G   0.07473    0.1095   0.03028    0.2145       213       640    0.3482    0.2967    0.2237    0.0878    0.0652    0.1208   0.02743
   177/299     4.86G   0.07478    0.1058   0.02993    0.2105       203       640    0.3582    0.3032     0.263   0.08716   0.06542    0.1204    0.0274
   178/299     4.86G   0.07671    0.1127   0.02968     0.219       214       640    0.3542    0.3003    0.2337   0.09138   0.06488    0.1208   0.02734
   179/299     4.86G   0.07491    0.1073   0.02959    0.2118       178       640    0.4237    0.2768    0.2312     0.091   0.06527    0.1208   0.02728
   180/299     4.86G   0.07449    0.1038   0.02984    0.2082       218       640    0.5846    0.2742    0.2349    0.0955   0.06505    0.1208   0.02719
   181/299     4.86G   0.07574    0.1139   0.02963    0.2192       190       640    0.5748    0.2743    0.2446     0.101   0.06459     0.121   0.02706
   182/299     4.86G   0.07448    0.1067    0.0296    0.2108       196       640    0.2133    0.3841    0.2405    0.1016   0.06461     0.121   0.02698
   183/299     4.86G   0.07484    0.1053   0.02929    0.2094       238       640    0.5768    0.2708    0.2459    0.1017    0.0645    0.1208     0.027
   184/299     4.86G   0.07534    0.1078   0.03027    0.2134       253       640    0.5943    0.2607    0.2413    0.1048   0.06459    0.1208   0.02708
   185/299     4.86G   0.07551    0.1036   0.02912    0.2082       217       640    0.5897    0.2631    0.2501    0.1037   0.06441    0.1207     0.027
   186/299     4.86G   0.07544    0.1103   0.03016    0.2159       224       640    0.4624     0.273    0.2539    0.1103   0.06418    0.1205   0.02693
   187/299     4.86G   0.07389    0.1054   0.03086    0.2102       197       640     0.446    0.2756    0.2455    0.1056   0.06424    0.1208   0.02692
   188/299     4.86G   0.07568    0.1092   0.03032    0.2152       245       640    0.4482    0.2906    0.2494    0.1081   0.06441    0.1208     0.027
   189/299     4.86G   0.07489    0.1087   0.02914    0.2127       170       640    0.4483    0.2889    0.2494    0.1021   0.06445    0.1211   0.02693
   190/299     4.86G   0.07436    0.1088    0.0303    0.2135       230       640    0.2146     0.436     0.249     0.101   0.06444    0.1213   0.02697
   191/299     4.86G   0.07411     0.104   0.02878    0.2069       235       640    0.3861    0.3025    0.2405    0.1026   0.06512    0.1204   0.02695
   192/299     4.86G    0.0746     0.109   0.03096    0.2146       222       640     0.404    0.3027    0.2375    0.1021   0.06482    0.1207   0.02698
   193/299     4.86G   0.07418    0.1093    0.0296    0.2131       222       640     0.424    0.2844    0.2419    0.1058   0.06485    0.1206   0.02695
   194/299     4.86G   0.07549    0.1058   0.02841    0.2097       207       640    0.4104    0.3054    0.2474    0.1021   0.06475    0.1204    0.0268
   195/299     4.86G   0.07427    0.1128   0.02989    0.2169       267       640    0.4217    0.2993    0.2456    0.1118   0.06445    0.1208   0.02683
   196/299     4.86G   0.07325    0.1036   0.02942    0.2063       194       640     0.453    0.2923    0.2558    0.1079   0.06438     0.121   0.02685
   197/299     4.86G   0.07458    0.1111   0.02981    0.2154       240       640    0.2105    0.3862    0.2488    0.1046   0.06461    0.1207   0.02683
   198/299     4.86G   0.07291     0.102   0.02911     0.204       189       640    0.3956     0.296    0.2467    0.1108   0.06429    0.1209   0.02682
   199/299     4.86G   0.07355     0.101   0.02853    0.2031       203       640    0.3973    0.3104    0.2561    0.1102   0.06417    0.1206   0.02668
   200/299     4.86G   0.07571    0.1118   0.02971    0.2172       251       640    0.2225    0.4238     0.254    0.1104   0.06417    0.1205   0.02661
   201/299     4.86G   0.07408    0.1093   0.03037    0.2137       185       640    0.2295      0.42    0.2477    0.1002   0.06428    0.1206    0.0267
   202/299     4.86G   0.07479    0.1081   0.03045    0.2133       214       640    0.2181    0.3975    0.2506    0.1044   0.06445    0.1205   0.02664
   203/299     4.86G   0.07593     0.113   0.02973    0.2186       246       640    0.2312    0.4289    0.2598    0.1086   0.06433    0.1209   0.02655
   204/299     4.86G   0.07318    0.1068   0.02939    0.2094       237       640    0.2265    0.4139    0.2509     0.105   0.06439    0.1208    0.0266
   205/299     4.86G   0.07365    0.1061   0.02979    0.2095       187       640    0.4281    0.2878    0.2548    0.1007   0.06446    0.1205   0.02668
   206/299     4.86G   0.07464    0.1091   0.03014    0.2139       298       640    0.4265    0.2824    0.2513    0.1054   0.06425    0.1203   0.02667
   207/299     4.86G   0.07552    0.1141   0.03039      0.22       177       640    0.4478    0.2836    0.2527    0.1057   0.06444    0.1203   0.02664
   208/299     4.86G   0.07554    0.1123   0.03128    0.2191       243       640    0.4718    0.2738    0.2575    0.1059   0.06457      0.12   0.02662
   209/299     4.86G   0.07571    0.1142   0.02978    0.2196       231       640    0.4088    0.2822    0.2455    0.1062   0.06466    0.1201    0.0267
   210/299     4.86G   0.07476    0.1091   0.02952    0.2134       270       640    0.3891    0.3014    0.2465     0.112   0.06473    0.1202   0.02671
   211/299     4.86G   0.07455    0.1074   0.02918    0.2112       214       640    0.4801    0.2673    0.2591    0.1181   0.06468    0.1206   0.02669
   212/299     4.86G   0.07343    0.1095   0.02838    0.2113       189       640    0.4808     0.274    0.2619     0.121   0.06457    0.1205   0.02663
   213/299     4.86G   0.07465     0.109    0.0298    0.2134       226       640    0.4866    0.2815    0.2658    0.1249   0.06468    0.1206   0.02664
   214/299     4.86G   0.07373    0.1125   0.02946    0.2157       250       640    0.4878    0.2807     0.261     0.125   0.06466    0.1206   0.02677
   215/299     4.86G   0.07329    0.1028   0.02858    0.2047       214       640    0.4942     0.278    0.2545    0.1157    0.0647    0.1204   0.02673
   216/299     4.86G   0.07469    0.1105   0.02914    0.2144       241       640    0.5019    0.2716     0.259    0.1068   0.06435    0.1205   0.02663
   217/299     4.86G   0.07449    0.1085   0.02955    0.2125       190       640    0.6202    0.2662    0.2533    0.1071   0.06447    0.1206   0.02663
   218/299     4.86G    0.0754    0.1113    0.0299    0.2166       195       640    0.5028    0.2617    0.2574     0.109   0.06437    0.1208   0.02658
   219/299     4.86G   0.07132    0.1075   0.02979    0.2086       242       640    0.6296     0.262    0.2589    0.1197   0.06424    0.1209   0.02659
   220/299     4.86G   0.07398    0.1136   0.02918    0.2168       264       640    0.6219    0.2671    0.2628     0.113   0.06425    0.1212   0.02657
   221/299     4.86G   0.07352     0.106   0.02868    0.2082       223       640     0.563    0.2934     0.253    0.1162   0.06405    0.1212   0.02637
   222/299     4.86G   0.07309    0.1029   0.03004     0.206       219       640    0.6279    0.2714    0.2642    0.1184     0.064    0.1211   0.02631
   223/299     4.86G   0.07506    0.1047   0.02944    0.2092       218       640    0.6314    0.2687    0.2598    0.1245   0.06426    0.1208   0.02633
   224/299     4.86G   0.07297     0.105   0.03017    0.2081       202       640    0.6254    0.2756    0.2581    0.1268   0.06404    0.1207   0.02637
   225/299     4.86G   0.07366    0.1095   0.02966    0.2128       215       640    0.6162    0.2858    0.2607    0.1232   0.06386    0.1205   0.02637
   226/299     4.86G   0.07296    0.1071   0.03027    0.2103       204       640    0.4859    0.2941    0.2681    0.1279   0.06384    0.1202   0.02632
   227/299     4.86G   0.07426    0.1119   0.02944    0.2156       219       640    0.4996     0.292    0.2669    0.1269   0.06375    0.1204   0.02633
   228/299     4.86G   0.07359    0.1109    0.0297    0.2142       284       640    0.4968    0.2969    0.2651    0.1259   0.06396    0.1203   0.02638
   229/299     4.86G   0.07383    0.1069   0.02929      0.21       258       640    0.4995    0.3005    0.2598    0.1227   0.06379    0.1205   0.02643
   230/299     4.86G   0.07455    0.1131   0.03041    0.2181       218       640    0.4741    0.2981    0.2623     0.125    0.0638    0.1206    0.0264
   231/299     4.86G   0.07372    0.1101   0.03017     0.214       157       640    0.4259    0.3084    0.2634    0.1248   0.06364    0.1207   0.02629
   232/299     4.86G   0.07298    0.1134   0.03116    0.2175       209       640    0.5998     0.296    0.2659    0.1245   0.06362     0.121   0.02627
   233/299     4.86G   0.07371    0.1087   0.03012    0.2126       226       640    0.6084    0.2903    0.2656    0.1243   0.06374    0.1208   0.02622
   234/299     4.86G   0.07354    0.1114   0.02989    0.2149       245       640    0.6099    0.2925    0.2708    0.1223   0.06391    0.1205   0.02622
   235/299     4.86G   0.07433    0.1144   0.02853    0.2173       197       640    0.6169    0.2885    0.2675    0.1251   0.06414    0.1207   0.02638
   236/299     4.86G   0.07381    0.1069   0.02854    0.2093       259       640    0.5556    0.3031    0.2639    0.1264   0.06416    0.1209    0.0265
   237/299     4.86G    0.0736    0.1092   0.02924    0.2121       233       640    0.4257       0.3    0.2534    0.1145   0.06436    0.1208   0.02656
   238/299     4.86G   0.07478    0.1075   0.02952    0.2118       180       640    0.4705    0.2766    0.2528    0.1154   0.06446    0.1206   0.02654
   239/299     4.86G   0.07397    0.1088   0.02865    0.2114       253       640    0.5119    0.2944    0.2683    0.1267   0.06416    0.1204   0.02637
   240/299     4.86G   0.07419     0.105   0.02982     0.209       207       640    0.5693    0.2947      0.26     0.124   0.06423    0.1204   0.02643
   241/299     4.86G   0.07468    0.1173   0.02945    0.2215       259       640    0.6181    0.2591    0.2751    0.1349    0.0644    0.1205   0.02663
   242/299     4.86G   0.07267    0.1095   0.02915    0.2113       216       640    0.4311    0.2925     0.251    0.1203   0.06452    0.1208   0.02667
   243/299     4.86G   0.07148    0.1036   0.02926    0.2044       173       640    0.4255    0.2943    0.2611    0.1254   0.06443    0.1209    0.0265
   244/299     4.86G   0.07382    0.1108   0.02954    0.2142       235       640    0.4136    0.2952    0.2474    0.1177   0.06425    0.1208    0.0265
   245/299     4.86G   0.07327    0.1085   0.02945    0.2112       248       640    0.4261    0.2723    0.2457    0.1179   0.06433    0.1206   0.02662
   246/299     4.86G   0.07419    0.1135    0.0299    0.2175       228       640    0.4275    0.2637    0.2426    0.1176   0.06452    0.1206    0.0267
   247/299     4.86G   0.07442     0.109   0.02964     0.213       232       640    0.4119    0.2924    0.2361    0.1121   0.06456    0.1203   0.02668
   248/299     4.86G   0.07269    0.1121   0.02896    0.2138       206       640    0.3963    0.2919    0.2372    0.1104   0.06444    0.1203   0.02662
   249/299     4.86G   0.07181   0.09921   0.02882    0.1998       185       640     0.415    0.2792    0.2412    0.1085   0.06441    0.1202   0.02656
   250/299     4.86G   0.07306    0.1086    0.0291    0.2107       229       640    0.3861    0.2794    0.2464    0.1128   0.06446    0.1201   0.02657
   251/299     4.86G   0.07396    0.1112   0.02792     0.213       199       640    0.3807    0.2904    0.2495    0.1104    0.0643    0.1202   0.02642
   252/299     4.86G   0.07236     0.105   0.02895    0.2063       173       640    0.2224    0.4339    0.2544    0.1158   0.06413    0.1203   0.02637
   253/299     4.86G   0.07458    0.1142   0.02928     0.218       193       640     0.283    0.3853    0.2735    0.1269   0.06411    0.1203   0.02625
   254/299     4.86G   0.07532    0.1133   0.02948    0.2181       189       640    0.2851    0.3904    0.2746    0.1268   0.06426    0.1205   0.02621
   255/299     4.86G   0.07337    0.1116   0.02835    0.2133       248       640    0.4154    0.3027    0.2787    0.1347   0.06404    0.1206   0.02614
   256/299     4.86G    0.0739    0.1103   0.02929    0.2134       214       640    0.4309     0.304    0.2657    0.1223   0.06393    0.1204   0.02602
   257/299     4.86G   0.07354    0.1091   0.02857    0.2112       194       640    0.5649    0.3024    0.2628    0.1223   0.06391    0.1203   0.02603
   258/299     4.86G   0.07326    0.1076   0.02953    0.2104       258       640    0.5991    0.2963      0.27    0.1263   0.06391    0.1201   0.02598
   259/299     4.86G   0.07372    0.1085   0.03011    0.2123       230       640     0.565    0.3175    0.2749    0.1288   0.06382      0.12   0.02591
   260/299     4.86G   0.07386    0.1098   0.02928     0.213       213       640    0.4367    0.2987    0.2728    0.1278   0.06369    0.1201   0.02599
   261/299     4.86G   0.07259    0.1093    0.0287    0.2106       216       640    0.4363    0.3023    0.2656    0.1253   0.06371    0.1204   0.02605
   262/299     4.86G   0.07382    0.1125    0.0295    0.2158       185       640    0.4405    0.2967    0.2622    0.1255   0.06377    0.1206    0.0261
   263/299     4.86G   0.07319     0.109    0.0292    0.2114       203       640    0.4238    0.2955    0.2609     0.126   0.06386    0.1207   0.02614
   264/299     4.86G   0.07389    0.1097   0.02956    0.2132       164       640    0.4086     0.295    0.2589    0.1236   0.06391    0.1208   0.02611
   265/299     4.86G   0.07256    0.1057   0.02885    0.2071       176       640    0.2279    0.4005    0.2581    0.1231   0.06411    0.1208   0.02615
   266/299     4.86G   0.07414    0.1054   0.02942     0.209       196       640    0.3763    0.2981    0.2518    0.1208   0.06432    0.1207    0.0263
   267/299     4.86G   0.07504    0.1129   0.02969    0.2176       288       640    0.3857    0.3004    0.2458    0.1181   0.06456    0.1206   0.02644
   268/299     4.86G   0.07325    0.1133   0.02977    0.2163       234       640    0.3991    0.2977    0.2449    0.1186   0.06458    0.1206   0.02636
   269/299     4.86G   0.07364    0.1096   0.02999    0.2132       200       640    0.3978       0.3    0.2503    0.1223   0.06438    0.1207    0.0263
   270/299     4.86G   0.07388    0.1084   0.02974     0.212       200       640    0.2152    0.4406    0.2561    0.1224   0.06411    0.1207    0.0261
   271/299     4.86G   0.07392    0.1176   0.02927    0.2208       248       640    0.2223    0.4303     0.259    0.1176   0.06411    0.1207   0.02604
   272/299     4.86G   0.07278    0.1119   0.02967    0.2143       211       640    0.3849    0.3051    0.2587    0.1181   0.06409    0.1208   0.02613
   273/299     4.86G    0.0759    0.1138   0.02905    0.2187       149       640    0.3613    0.3047    0.2515    0.1137   0.06448    0.1208   0.02626
   274/299     4.86G   0.07274    0.1129   0.02948    0.2151       259       640    0.2147    0.3713    0.2443    0.1104   0.06438    0.1211   0.02633
   275/299     4.86G   0.07454    0.1121   0.03035     0.217       215       640    0.4342    0.2858    0.2456    0.1126   0.06437    0.1208   0.02634
   276/299     4.86G   0.07249    0.1081   0.02898    0.2096       162       640     0.414     0.301    0.2478    0.1154   0.06414    0.1207   0.02621
   277/299     4.86G   0.07322    0.1063   0.02908    0.2086       199       640    0.2363    0.4019    0.2528    0.1166   0.06405    0.1208   0.02614
   278/299     4.86G    0.0753    0.1144   0.02917    0.2189       238       640    0.2461    0.4189    0.2596     0.115   0.06393    0.1207   0.02601
   279/299     4.86G    0.0728    0.1076   0.02916    0.2096       237       640    0.2514    0.4218    0.2632    0.1222   0.06368    0.1206   0.02603
   280/299     4.86G   0.07282    0.1069   0.02914    0.2089       219       640    0.2365    0.4401    0.2668    0.1221   0.06348    0.1206   0.02601
   281/299     4.86G   0.07418    0.1112   0.02917    0.2145       261       640    0.2579    0.3783    0.2581    0.1159   0.06355    0.1204   0.02606
   282/299     4.86G   0.07169     0.105   0.02925     0.206       206       640    0.2358    0.3984    0.2431    0.1114   0.06389    0.1203   0.02622
   283/299     4.86G   0.07235    0.1082   0.02746     0.208       214       640    0.2326    0.3608     0.244    0.1159   0.06423    0.1204    0.0264
   284/299     4.86G   0.07318     0.112   0.02859    0.2138       211       640    0.2417    0.3556    0.2375    0.1068   0.06452    0.1203    0.0264
   285/299     4.86G     0.075    0.1078   0.02992    0.2127       249       640    0.2361     0.359    0.2406    0.1072   0.06457    0.1204   0.02644
   286/299     4.86G   0.07328    0.1027   0.02887    0.2049       208       640    0.2314    0.3901    0.2443    0.1109   0.06435    0.1204   0.02638
   287/299     4.86G   0.07219    0.1071   0.02973     0.209       233       640    0.2353    0.3942    0.2451    0.1128   0.06434    0.1204   0.02639
   288/299     4.86G   0.07302    0.1112   0.02898    0.2133       267       640    0.2348    0.3961    0.2484    0.1139   0.06431    0.1203   0.02631
   289/299     4.86G   0.07387    0.1047   0.02864    0.2072       188       640    0.4008    0.2908    0.2454    0.1079   0.06422    0.1202   0.02626
   290/299     4.86G    0.0742    0.1093   0.02877    0.2122       224       640     0.406    0.2859    0.2473    0.1105   0.06416    0.1202   0.02623
   291/299     4.86G   0.07391     0.109   0.02751    0.2104       180       640     0.406    0.2949    0.2468    0.1155   0.06419    0.1202   0.02618
   292/299     4.86G   0.07342     0.113   0.02781    0.2143       202       640    0.3956    0.2927    0.2384    0.1058   0.06442    0.1203   0.02632
   293/299     4.86G   0.07429     0.107   0.02949    0.2108       255       640    0.3807    0.2954    0.2371    0.1101   0.06453    0.1206   0.02644
   294/299     4.86G   0.07278    0.1069   0.02877    0.2084       193       640    0.3816     0.294    0.2382    0.1125    0.0645    0.1205   0.02636
   295/299     4.86G    0.0733    0.1115   0.02961    0.2144       233       640    0.4427    0.2697    0.2428    0.1163   0.06476    0.1204   0.02653
   296/299     4.86G   0.07227    0.1077   0.02845    0.2085       256       640    0.4463    0.2648    0.2412    0.1134   0.06462    0.1203   0.02649
   297/299     4.86G   0.07423    0.1133   0.02948     0.217       228       640    0.5092    0.2622    0.2631     0.125   0.06459    0.1203   0.02648
   298/299     4.86G   0.07428    0.1138   0.02926    0.2173       193       640    0.4912    0.2574    0.2615    0.1247   0.06472    0.1205   0.02657
   299/299     4.86G    0.0746    0.1075   0.02904    0.2111       253       640    0.4605    0.2639     0.246    0.1142   0.06459    0.1204   0.02653
